[{"n": 10, "m": 5, "itloc": [[5, 7, 5, 3, 6, 6], [0, 1, 9, 9, 5, 1], [10, 4, 2, 2, 9, 2], [8, 2, 4, 0, 5, 5], [9, 1, 9, 5, 9, 6], [9, 4, 7, 4, 9, 1], [3, 9, 10, 4, 2, 5], [1, 0, 10, 8, 0, 5], [7, 0, 7, 7, 0, 4], [3, 5, 8, 10, 6, 9], [7, 9, 3, 4, 6, 7]], "d": [[0, 955.4795088181193, 892.1553137547114, 775.6884183908527, 131.37986351808485, 802.326918092664], [955.4795088181193, 0, 526.1048929203249, 482.97910039530655, 483.7192132822673, 819.4359180880525], [892.1553137547114, 526.1048929203249, 0, 73.32305247676074, 84.63859899016701, 872.9710930040104], [775.6884183908527, 482.97910039530655, 73.32305247676074, 0, 181.72083973830954, 845.3101922183919], [131.37986351808485, 483.7192132822673, 84.63859899016701, 181.72083973830954, 0, 762.977151971437], [802.326918092664, 819.4359180880525, 872.9710930040104, 845.3101922183919, 762.977151971437, 0]], "itemavail": [27, 25, 19, 16, 30, 25, 30, 23, 18, 38, 29], "item2take": [9, 13, 10, 4, 25, 8, 14, 2, 1, 32, 14], "optimal_path": [0, 4, 2, 3, 5, 0], "optimal_value": 1936.9786252960685, "explanation": "EXPLANATION\n==============================\nPath of the packager: 0 -> 4 -> 2 -> 3 -> 5 -> 0\nDistance of path: 131.37986351808485 + 84.63859899016701 + 73.32305247676074 + 845.3101922183919 + 802.326918092664 = 1936.9786252960685\n------------------------------\nThe packager need to take: \n\tItem 1 - Quantity: 13\n\tHe visits places containing the item: 4 (5) - 2 (9) - 3 (9) - 5 (1)\n\tHe could take a quantity of up to 24, which satisfies request\n\tItem 2 - Quantity: 10\n\tHe visits places containing the item: 4 (9) - 2 (2) - 3 (2) - 5 (2)\n\tHe could take a quantity of up to 15, which satisfies request\n\tItem 3 - Quantity: 4\n\tHe visits places containing the item: 4 (5) - 2 (4) - 5 (5)\n\tHe could take a quantity of up to 14, which satisfies request\n\tItem 4 - Quantity: 25\n\tHe visits places containing the item: 4 (9) - 2 (9) - 3 (5) - 5 (6)\n\tHe could take a quantity of up to 29, which satisfies request\n\tItem 5 - Quantity: 8\n\tHe visits places containing the item: 4 (9) - 2 (7) - 3 (4) - 5 (1)\n\tHe could take a quantity of up to 21, which satisfies request\n\tItem 6 - Quantity: 14\n\tHe visits places containing the item: 4 (2) - 2 (10) - 3 (4) - 5 (5)\n\tHe could take a quantity of up to 21, which satisfies request\n\tItem 7 - Quantity: 2\n\tHe visits places containing the item: 2 (10) - 3 (8) - 5 (5)\n\tHe could take a quantity of up to 23, which satisfies request\n\tItem 8 - Quantity: 1\n\tHe visits places containing the item: 2 (7) - 3 (7) - 5 (4)\n\tHe could take a quantity of up to 18, which satisfies request\n\tItem 9 - Quantity: 32\n\tHe visits places containing the item: 4 (6) - 2 (8) - 3 (10) - 5 (9)\n\tHe could take a quantity of up to 33, which satisfies request\n\tItem 10 - Quantity: 14\n\tHe visits places containing the item: 4 (6) - 2 (3) - 3 (4) - 5 (7)\n\tHe could take a quantity of up to 20, which satisfies request\n------------------------------\nThus, the optimal value is 1936.9786252960685", "CPLEX_solving_time": 0.005318403244018555}, {"n": 10, "m": 10, "itloc": [[7, 7, 4, 0, 3, 10, 5, 2, 4, 0, 4], [3, 0, 9, 7, 10, 9, 10, 3, 9, 10, 1], [3, 5, 5, 6, 3, 4, 7, 10, 0, 3, 9], [3, 8, 8, 7, 3, 9, 1, 2, 7, 3, 0], [10, 3, 2, 9, 6, 3, 8, 5, 5, 2, 10], [5, 1, 9, 8, 3, 0, 1, 3, 9, 0, 3], [0, 9, 7, 1, 8, 1, 3, 10, 4, 1, 6], [3, 2, 5, 7, 0, 8, 0, 10, 5, 0, 2], [9, 7, 6, 6, 8, 4, 3, 7, 2, 4, 8], [1, 4, 5, 1, 2, 5, 10, 5, 10, 2, 4], [5, 1, 4, 4, 6, 0, 2, 2, 1, 8, 0]], "d": [[0, 559.0654460501788, 497.5435479175784, 258.3044041899445, 777.4764200137819, 16.84508153889208, 936.827483246905, 241.71360495448346, 931.9000877697002, 751.2077853084498, 940.7294672702463], [559.0654460501788, 0, 727.2129886838433, 532.7834552391126, 108.49730092140753, 269.9781704582308, 381.91030014664386, 356.9034862750895, 753.2037110453608, 162.2635930280386, 842.1188661568711], [497.5435479175784, 727.2129886838433, 0, 766.6349666361829, 662.483449469437, 13.433020366274583, 846.7143782493131, 715.2789663628546, 599.1810047476041, 753.747960486179, 583.3045111672841], [258.3044041899445, 532.7834552391126, 766.6349666361829, 0, 306.0088386422037, 50.50923169493693, 890.757856444756, 535.8685215195273, 831.995205083954, 299.8791657136095, 67.0991266910207], [777.4764200137819, 108.49730092140753, 662.483449469437, 306.0088386422037, 0, 363.6094102888341, 920.1586666477682, 463.90548521429196, 651.3978120247799, 498.38241384168714, 119.9209435602695], [16.84508153889208, 269.9781704582308, 13.433020366274583, 50.50923169493693, 363.6094102888341, 0, 671.696707213585, 900.4311862465291, 939.0593730261023, 849.587882431486, 221.21852479363446], [936.827483246905, 381.91030014664386, 846.7143782493131, 890.757856444756, 920.1586666477682, 671.696707213585, 0, 882.4814554372929, 698.8351285854037, 576.3084356495553, 529.7616358746766], [241.71360495448346, 356.9034862750895, 715.2789663628546, 535.8685215195273, 463.90548521429196, 900.4311862465291, 882.4814554372929, 0, 317.71804238452495, 877.4017456784609, 317.35967103971177], [931.9000877697002, 753.2037110453608, 599.1810047476041, 831.995205083954, 651.3978120247799, 939.0593730261023, 698.8351285854037, 317.71804238452495, 0, 911.3772555437715, 790.6867414856223], [751.2077853084498, 162.2635930280386, 753.747960486179, 299.8791657136095, 498.38241384168714, 849.587882431486, 576.3084356495553, 877.4017456784609, 911.3772555437715, 0, 547.2386009999906], [940.7294672702463, 842.1188661568711, 583.3045111672841, 67.0991266910207, 119.9209435602695, 221.21852479363446, 529.7616358746766, 317.35967103971177, 790.6867414856223, 547.2386009999906, 0]], "itemavail": [39, 68, 52, 48, 53, 37, 50, 39, 55, 48, 28], "item2take": [5, 26, 40, 43, 24, 4, 26, 19, 40, 17, 11], "optimal_path": [0, 5, 2, 8, 7, 1, 4, 10, 3, 0], "optimal_value": 1857.9024106750276, "explanation": "EXPLANATION\n==============================\nPath of the packager: 0 -> 5 -> 2 -> 8 -> 7 -> 1 -> 4 -> 10 -> 3 -> 0\nDistance of path: 16.84508153889208 + 13.433020366274583 + 599.1810047476041 + 317.71804238452495 + 356.9034862750895 + 108.49730092140753 + 119.9209435602695 + 67.0991266910207 + 258.3044041899445 = 1857.9024106750276\n------------------------------\nThe packager need to take: \n\tItem 1 - Quantity: 26\n\tHe visits places containing the item: 5 (9) - 2 (9) - 8 (9) - 7 (3) - 4 (10) - 10 (1) - 3 (7)\n\tHe could take a quantity of up to 48, which satisfies request\n\tItem 2 - Quantity: 40\n\tHe visits places containing the item: 5 (4) - 2 (5) - 7 (10) - 1 (5) - 4 (3) - 10 (9) - 3 (6)\n\tHe could take a quantity of up to 42, which satisfies request\n\tItem 3 - Quantity: 43\n\tHe visits places containing the item: 5 (9) - 2 (8) - 8 (7) - 7 (2) - 1 (8) - 4 (3) - 3 (7)\n\tHe could take a quantity of up to 44, which satisfies request\n\tItem 4 - Quantity: 24\n\tHe visits places containing the item: 5 (3) - 2 (2) - 8 (5) - 7 (5) - 1 (3) - 4 (6) - 10 (10) - 3 (9)\n\tHe could take a quantity of up to 43, which satisfies request\n\tItem 5 - Quantity: 4\n\tHe visits places containing the item: 2 (9) - 8 (9) - 7 (3) - 1 (1) - 4 (3) - 10 (3) - 3 (8)\n\tHe could take a quantity of up to 36, which satisfies request\n\tItem 6 - Quantity: 26\n\tHe visits places containing the item: 5 (1) - 2 (7) - 8 (4) - 7 (10) - 1 (9) - 4 (8) - 10 (6) - 3 (1)\n\tHe could take a quantity of up to 46, which satisfies request\n\tItem 7 - Quantity: 19\n\tHe visits places containing the item: 5 (8) - 2 (5) - 8 (5) - 7 (10) - 1 (2) - 10 (2) - 3 (7)\n\tHe could take a quantity of up to 39, which satisfies request\n\tItem 8 - Quantity: 40\n\tHe visits places containing the item: 5 (4) - 2 (6) - 8 (2) - 7 (7) - 1 (7) - 4 (8) - 10 (8) - 3 (6)\n\tHe could take a quantity of up to 48, which satisfies request\n\tItem 9 - Quantity: 17\n\tHe visits places containing the item: 5 (5) - 2 (5) - 8 (10) - 7 (5) - 1 (4) - 4 (2) - 10 (4) - 3 (1)\n\tHe could take a quantity of up to 36, which satisfies request\n\tItem 10 - Quantity: 11\n\tHe visits places containing the item: 2 (4) - 8 (1) - 7 (2) - 1 (1) - 4 (6) - 3 (4)\n\tHe could take a quantity of up to 18, which satisfies request\n------------------------------\nThus, the optimal value is 1857.9024106750276", "CPLEX_solving_time": 0.013725996017456055}, {"n": 10, "m": 15, "itloc": [[5, 5, 10, 9, 7, 8, 8, 5, 6, 5, 5, 10, 4, 1, 1, 5], [2, 1, 7, 3, 4, 8, 4, 1, 1, 0, 6, 0, 0, 2, 10, 8], [9, 5, 0, 2, 10, 6, 0, 7, 0, 1, 10, 5, 10, 10, 1, 5], [0, 10, 5, 0, 10, 6, 10, 3, 1, 1, 10, 0, 8, 9, 8, 3], [6, 1, 10, 9, 4, 3, 10, 3, 0, 8, 1, 1, 7, 1, 4, 6], [10, 6, 5, 4, 8, 5, 8, 0, 3, 1, 0, 0, 0, 2, 0, 7], [10, 4, 8, 7, 3, 6, 9, 9, 3, 10, 9, 0, 6, 1, 6, 9], [4, 10, 3, 4, 1, 5, 1, 10, 5, 0, 5, 3, 0, 6, 4, 9], [4, 4, 2, 1, 8, 4, 4, 5, 7, 9, 6, 6, 2, 2, 1, 7], [1, 5, 10, 0, 5, 10, 8, 1, 1, 5, 4, 1, 6, 10, 7, 9], [10, 8, 6, 1, 9, 2, 8, 4, 3, 10, 8, 7, 2, 4, 5, 9]], "d": [[0, 783.134829775661, 821.4450364570499, 411.7534690028721, 370.23568461903534, 684.4549528443722, 122.8121447979249, 360.5119401912309, 938.5107451713382, 437.76614458369045, 364.3801961530535, 708.455557747874, 374.24684117034656, 943.0212312662242, 841.4339610875926, 959.0669166612516], [783.134829775661, 0, 196.99089114466628, 326.0781937401629, 108.15174273766337, 519.3713775645665, 985.5827794957896, 555.356190084808, 539.3472900857187, 748.7110985792627, 736.6083723089992, 796.050910952125, 495.6240575452762, 941.3654946689991, 768.2479434597711, 299.85154636912046], [821.4450364570499, 196.99089114466628, 0, 522.9473158012973, 951.6365547655593, 690.7641141347585, 69.67152102775098, 95.56175751408469, 678.9586298456717, 716.1956630406455, 36.287144941442584, 678.9779150626629, 112.04075416271364, 46.118679860642665, 221.56468801101758, 411.3935683342522], [411.7534690028721, 326.0781937401629, 522.9473158012973, 0, 714.6371409893419, 914.4940366552913, 369.6408356630543, 928.3713272924005, 168.16730680349912, 669.998857275302, 127.89185908399858, 869.4787656969461, 928.2590350085331, 129.4821217584844, 673.1363910485036, 475.21485832444597], [370.23568461903534, 108.15174273766337, 951.6365547655593, 714.6371409893419, 0, 246.1623572996804, 947.851102415967, 134.02323479121904, 964.6165465219932, 210.34606301284464, 776.1124523337633, 372.4234827364269, 241.86971966993752, 909.2087470616015, 196.95010361745946, 923.2085261646622], [684.4549528443722, 519.3713775645665, 690.7641141347585, 914.4940366552913, 246.1623572996804, 0, 854.6085144955036, 464.50318435872396, 892.8609245506109, 831.1413885830175, 168.46895757339863, 117.75090745955497, 650.3382823963617, 754.9994977169731, 169.44407162585696, 138.67533333423998], [122.8121447979249, 985.5827794957896, 69.67152102775098, 369.6408356630543, 947.851102415967, 854.6085144955036, 0, 28.05747886908194, 873.2625392253454, 481.80099984410043, 649.4204768571112, 167.87442392228368, 232.61135331876216, 368.46543926106835, 587.2144035822905, 390.94576744931044], [360.5119401912309, 555.356190084808, 95.56175751408469, 928.3713272924005, 134.02323479121904, 464.50318435872396, 28.05747886908194, 0, 199.195784291342, 295.68844451779563, 653.8087198820233, 647.974533027978, 426.2162088704009, 865.699797342757, 413.6235270982562, 266.4043643083154], [938.5107451713382, 539.3472900857187, 678.9586298456717, 168.16730680349912, 964.6165465219932, 892.8609245506109, 873.2625392253454, 199.195784291342, 0, 69.01770563811272, 596.7937850463028, 361.6622305430008, 151.39287561382963, 651.9333844378316, 640.9834440989326, 380.9492551853839], [437.76614458369045, 748.7110985792627, 716.1956630406455, 669.998857275302, 210.34606301284464, 831.1413885830175, 481.80099984410043, 295.68844451779563, 69.01770563811272, 0, 845.3345658870742, 5.409506646179563, 45.46076063945159, 255.49603343697967, 167.22554104098154, 210.7798430012836], [364.3801961530535, 736.6083723089992, 36.287144941442584, 127.89185908399858, 776.1124523337633, 168.46895757339863, 649.4204768571112, 653.8087198820233, 596.7937850463028, 845.3345658870742, 0, 803.1659582933721, 793.6859026821959, 80.74283803958437, 586.3905610481584, 162.60713580432306], [708.455557747874, 796.050910952125, 678.9779150626629, 869.4787656969461, 372.4234827364269, 117.75090745955497, 167.87442392228368, 647.974533027978, 361.6622305430008, 5.409506646179563, 803.1659582933721, 0, 708.6467983701075, 582.5930223009564, 168.25943350564566, 643.87430471427], [374.24684117034656, 495.6240575452762, 112.04075416271364, 928.2590350085331, 241.86971966993752, 650.3382823963617, 232.61135331876216, 426.2162088704009, 151.39287561382963, 45.46076063945159, 793.6859026821959, 708.6467983701075, 0, 21.44832449441325, 936.1533045681658, 449.4495113669771], [943.0212312662242, 941.3654946689991, 46.118679860642665, 129.4821217584844, 909.2087470616015, 754.9994977169731, 368.46543926106835, 865.699797342757, 651.9333844378316, 255.49603343697967, 80.74283803958437, 582.5930223009564, 21.44832449441325, 0, 820.8017241888865, 826.8665639181945], [841.4339610875926, 768.2479434597711, 221.56468801101758, 673.1363910485036, 196.95010361745946, 169.44407162585696, 587.2144035822905, 413.6235270982562, 640.9834440989326, 167.22554104098154, 586.3905610481584, 168.25943350564566, 936.1533045681658, 820.8017241888865, 0, 778.6217966381132], [959.0669166612516, 299.85154636912046, 411.3935683342522, 475.21485832444597, 923.2085261646622, 138.67533333423998, 390.94576744931044, 266.4043643083154, 380.9492551853839, 210.7798430012836, 162.60713580432306, 643.87430471427, 449.4495113669771, 826.8665639181945, 778.6217966381132, 0]], "itemavail": [89, 55, 72, 84, 68, 49, 90, 66, 68, 82, 86], "item2take": [42, 49, 6, 20, 1, 23, 7, 37, 33, 58, 43], "optimal_path": [0, 6, 7, 2, 13, 10, 15, 5, 14, 4, 0], "optimal_value": 1411.2052280822334, "explanation": "EXPLANATION\n==============================\nPath of the packager: 0 -> 6 -> 7 -> 2 -> 13 -> 10 -> 15 -> 5 -> 14 -> 4 -> 0\nDistance of path: 122.8121447979249 + 28.05747886908194 + 95.56175751408469 + 46.118679860642665 + 80.74283803958437 + 162.60713580432306 + 138.67533333423998 + 169.44407162585696 + 196.95010361745946 + 370.23568461903534 = 1411.2052280822334\n------------------------------\nThe packager need to take: \n\tItem 1 - Quantity: 49\n\tHe visits places containing the item: 6 (4) - 7 (1) - 2 (7) - 13 (2) - 10 (6) - 15 (8) - 5 (8) - 14 (10) - 4 (4)\n\tHe could take a quantity of up to 50, which satisfies request\n\tItem 2 - Quantity: 6\n\tHe visits places containing the item: 7 (7) - 13 (10) - 10 (10) - 15 (5) - 5 (6) - 14 (1) - 4 (10)\n\tHe could take a quantity of up to 49, which satisfies request\n\tItem 3 - Quantity: 20\n\tHe visits places containing the item: 6 (10) - 7 (3) - 2 (5) - 13 (9) - 10 (10) - 15 (3) - 5 (6) - 14 (8) - 4 (10)\n\tHe could take a quantity of up to 64, which satisfies request\n\tItem 4 - Quantity: 1\n\tHe visits places containing the item: 6 (10) - 7 (3) - 2 (10) - 13 (1) - 10 (1) - 15 (6) - 5 (3) - 14 (4) - 4 (4)\n\tHe could take a quantity of up to 42, which satisfies request\n\tItem 5 - Quantity: 23\n\tHe visits places containing the item: 6 (8) - 2 (5) - 13 (2) - 15 (7) - 5 (5) - 4 (8)\n\tHe could take a quantity of up to 35, which satisfies request\n\tItem 6 - Quantity: 7\n\tHe visits places containing the item: 6 (9) - 7 (9) - 2 (8) - 13 (1) - 10 (9) - 15 (9) - 5 (6) - 14 (6) - 4 (3)\n\tHe could take a quantity of up to 60, which satisfies request\n\tItem 7 - Quantity: 37\n\tHe visits places containing the item: 6 (1) - 7 (10) - 2 (3) - 13 (6) - 10 (5) - 15 (9) - 5 (5) - 14 (4) - 4 (1)\n\tHe could take a quantity of up to 44, which satisfies request\n\tItem 8 - Quantity: 33\n\tHe visits places containing the item: 6 (4) - 7 (5) - 2 (2) - 13 (2) - 10 (6) - 15 (7) - 5 (4) - 14 (1) - 4 (8)\n\tHe could take a quantity of up to 39, which satisfies request\n\tItem 9 - Quantity: 58\n\tHe visits places containing the item: 6 (8) - 7 (1) - 2 (10) - 13 (10) - 10 (4) - 15 (9) - 5 (10) - 14 (7) - 4 (5)\n\tHe could take a quantity of up to 64, which satisfies request\n\tItem 10 - Quantity: 43\n\tHe visits places containing the item: 6 (8) - 7 (4) - 2 (6) - 13 (4) - 10 (8) - 15 (9) - 5 (2) - 14 (5) - 4 (9)\n\tHe could take a quantity of up to 55, which satisfies request\n------------------------------\nThus, the optimal value is 1411.2052280822334", "CPLEX_solving_time": 0.10738587379455566}, {"n": 10, "m": 20, "itloc": [[4, 10, 8, 4, 5, 4, 0, 8, 6, 10, 2, 8, 7, 3, 0, 0, 8, 9, 6, 7, 10], [2, 10, 6, 4, 8, 0, 1, 7, 8, 2, 9, 5, 10, 9, 7, 10, 6, 9, 8, 0, 4], [7, 4, 6, 8, 4, 8, 5, 4, 10, 8, 1, 4, 7, 3, 4, 7, 3, 6, 0, 4, 9], [10, 8, 10, 1, 8, 7, 4, 9, 0, 2, 6, 9, 5, 5, 6, 9, 2, 0, 6, 1, 6], [8, 0, 1, 1, 8, 8, 10, 8, 10, 0, 0, 6, 10, 7, 7, 7, 10, 7, 5, 6, 3], [3, 2, 5, 10, 8, 0, 6, 2, 9, 2, 1, 1, 5, 1, 2, 5, 8, 4, 8, 1, 4], [8, 4, 0, 2, 8, 0, 10, 0, 4, 0, 2, 9, 10, 3, 6, 6, 9, 3, 3, 4, 4], [3, 10, 2, 4, 0, 8, 1, 9, 9, 10, 2, 3, 6, 5, 2, 5, 5, 6, 3, 6, 6], [6, 8, 1, 4, 3, 2, 0, 2, 9, 5, 5, 1, 8, 7, 4, 3, 5, 2, 10, 1, 0], [0, 8, 9, 1, 0, 3, 9, 3, 0, 8, 8, 10, 4, 9, 5, 4, 9, 3, 9, 10, 10], [8, 7, 8, 3, 10, 2, 10, 4, 7, 2, 9, 4, 7, 10, 8, 1, 3, 1, 8, 6, 9]], "d": [[0, 670.4837363441969, 351.8330112135428, 994.0476421728945, 187.54069156784558, 780.979875824987, 160.19716838908803, 266.50344828577346, 799.1373579621447, 4.612894937256917, 979.7194138364039, 417.9247658762938, 433.7053399259432, 394.4670992166749, 67.44498018143297, 761.2992264721689, 784.5286152018855, 529.6618587583316, 51.096699333490704, 577.4235415845433, 365.06531358073255], [670.4837363441969, 0, 974.4796665832882, 926.4851613019581, 233.06930364650512, 80.05903750243293, 228.63492760383997, 101.01549431165292, 519.4039652281468, 973.8486186621257, 325.0386962314013, 288.37450977314825, 408.4466985071158, 447.6573899464409, 395.27474475674086, 478.56823430612303, 480.07693063278487, 148.28369680399035, 546.7702669698568, 557.3980006544618, 551.7120149204065], [351.8330112135428, 974.4796665832882, 0, 75.1676231495082, 208.18080339937205, 227.83403515093258, 288.3419309601739, 833.1894000475093, 874.9436258220818, 768.9371873600094, 107.24524848036931, 529.1133875063474, 472.9528288808632, 36.873602975029065, 568.752214413003, 132.1270192270171, 856.2559000585011, 189.0472743583138, 289.9711253200886, 117.56349902677654, 394.1516598166818], [994.0476421728945, 926.4851613019581, 75.1676231495082, 0, 504.30461131916405, 460.65284878004275, 470.53724212893053, 616.490689155379, 806.235712040878, 976.5689195514793, 647.1535669269181, 855.1898342844443, 610.9928020510646, 334.448574785945, 815.9934060404659, 807.497889091735, 714.2407334621804, 297.705961046054, 417.02022216326685, 544.4030489261892, 262.75279854039326], [187.54069156784558, 233.06930364650512, 208.18080339937205, 504.30461131916405, 0, 19.83831703753236, 454.35331367783647, 648.5028968650445, 678.4863567231554, 320.6668451412027, 536.7818404215299, 181.93205010268775, 527.216068760763, 969.318405521748, 804.8666267997183, 519.7967067221458, 582.7993115157925, 929.435044160294, 4.200421968559187, 355.90807447442216, 970.7474239768824], [780.979875824987, 80.05903750243293, 227.83403515093258, 460.65284878004275, 19.83831703753236, 0, 39.05390795889263, 234.08877031271524, 221.50411248309442, 502.08460383066034, 422.68600451394576, 545.3323627239354, 475.88471585239665, 405.27668922024105, 628.2565429862581, 475.3402633953462, 739.9270643237081, 456.9417225652159, 222.69996524168556, 770.2341624980158, 973.4867130748746], [160.19716838908803, 228.63492760383997, 288.3419309601739, 470.53724212893053, 454.35331367783647, 39.05390795889263, 0, 771.7542515200798, 267.6875874534733, 632.261947595844, 232.7649788808779, 780.1064365027403, 629.4707494264409, 883.8988092386495, 154.48334811834718, 891.9341798580444, 826.4181932695285, 23.629671376056983, 222.58703286620042, 60.4644113007079, 380.42816302936643], [266.50344828577346, 101.01549431165292, 833.1894000475093, 616.490689155379, 648.5028968650445, 234.08877031271524, 771.7542515200798, 0, 583.9856391011365, 630.2875483979751, 317.2297260187633, 697.4713163942969, 805.6837386922133, 247.65288676863017, 452.44989036413654, 781.1004372308652, 412.2324782465231, 514.9051856972125, 400.3651048562066, 10.718998040627813, 917.3207725744086], [799.1373579621447, 519.4039652281468, 874.9436258220818, 806.235712040878, 678.4863567231554, 221.50411248309442, 267.6875874534733, 583.9856391011365, 0, 870.3617078456602, 236.20674542809306, 548.4750065910392, 87.24995418545866, 112.62510070332866, 660.9254135788738, 66.8370436045208, 895.7247627613089, 434.55985356362703, 298.52558319776546, 262.5082998492769, 905.3266891371578], [4.612894937256917, 973.8486186621257, 768.9371873600094, 976.5689195514793, 320.6668451412027, 502.08460383066034, 632.261947595844, 630.2875483979751, 870.3617078456602, 0, 932.7221278998093, 305.0153389848188, 6.462589352493331, 590.4112534108082, 444.1753066554535, 569.1166798630144, 381.2185046175892, 384.553686601856, 899.5862576403007, 485.013818522816, 363.8359025326494], [979.7194138364039, 325.0386962314013, 107.24524848036931, 647.1535669269181, 536.7818404215299, 422.68600451394576, 232.7649788808779, 317.2297260187633, 236.20674542809306, 932.7221278998093, 0, 724.0001131139971, 109.65816569170839, 65.96804228824415, 774.5333867664634, 870.900521131699, 567.2791135637095, 254.64446023302256, 158.98109106514923, 156.6268368416014, 356.2366098225698], [417.9247658762938, 288.37450977314825, 529.1133875063474, 855.1898342844443, 181.93205010268775, 545.3323627239354, 780.1064365027403, 697.4713163942969, 548.4750065910392, 305.0153389848188, 724.0001131139971, 0, 581.003142179338, 873.258552277793, 70.7340707379449, 182.23655936214178, 448.60156554192343, 349.91966699565324, 203.93450904838795, 63.785216935863254, 752.7275308533768], [433.7053399259432, 408.4466985071158, 472.9528288808632, 610.9928020510646, 527.216068760763, 475.88471585239665, 629.4707494264409, 805.6837386922133, 87.24995418545866, 6.462589352493331, 109.65816569170839, 581.003142179338, 0, 343.46261620668395, 537.8327251053483, 518.2045199564341, 521.4782917445609, 757.8092063315686, 583.7357850550119, 741.4775451492105, 921.5574355474865], [394.4670992166749, 447.6573899464409, 36.873602975029065, 334.448574785945, 969.318405521748, 405.27668922024105, 883.8988092386495, 247.65288676863017, 112.62510070332866, 590.4112534108082, 65.96804228824415, 873.258552277793, 343.46261620668395, 0, 331.59275976784664, 121.35529532542367, 286.8411867799515, 771.4080277311026, 696.1865913267586, 758.1047407420067, 931.0161513798317], [67.44498018143297, 395.27474475674086, 568.752214413003, 815.9934060404659, 804.8666267997183, 628.2565429862581, 154.48334811834718, 452.44989036413654, 660.9254135788738, 444.1753066554535, 774.5333867664634, 70.7340707379449, 537.8327251053483, 331.59275976784664, 0, 165.25476993779796, 464.8250922530168, 245.39694415395542, 17.370872695178896, 702.6878438244566, 358.20443511810254], [761.2992264721689, 478.56823430612303, 132.1270192270171, 807.497889091735, 519.7967067221458, 475.3402633953462, 891.9341798580444, 781.1004372308652, 66.8370436045208, 569.1166798630144, 870.900521131699, 182.23655936214178, 518.2045199564341, 121.35529532542367, 165.25476993779796, 0, 238.3028589043491, 82.17263288145827, 890.5917270384525, 516.2018242186828, 855.2764448096025], [784.5286152018855, 480.07693063278487, 856.2559000585011, 714.2407334621804, 582.7993115157925, 739.9270643237081, 826.4181932695285, 412.2324782465231, 895.7247627613089, 381.2185046175892, 567.2791135637095, 448.60156554192343, 521.4782917445609, 286.8411867799515, 464.8250922530168, 238.3028589043491, 0, 960.6090591620951, 393.107264112852, 366.5259372742816, 377.10546996670604], [529.6618587583316, 148.28369680399035, 189.0472743583138, 297.705961046054, 929.435044160294, 456.9417225652159, 23.629671376056983, 514.9051856972125, 434.55985356362703, 384.553686601856, 254.64446023302256, 349.91966699565324, 757.8092063315686, 771.4080277311026, 245.39694415395542, 82.17263288145827, 960.6090591620951, 0, 225.9313570229603, 16.56764843767622, 251.12692867889152], [51.096699333490704, 546.7702669698568, 289.9711253200886, 417.02022216326685, 4.200421968559187, 222.69996524168556, 222.58703286620042, 400.3651048562066, 298.52558319776546, 899.5862576403007, 158.98109106514923, 203.93450904838795, 583.7357850550119, 696.1865913267586, 17.370872695178896, 890.5917270384525, 393.107264112852, 225.9313570229603, 0, 683.7879478334347, 920.4951844244536], [577.4235415845433, 557.3980006544618, 117.56349902677654, 544.4030489261892, 355.90807447442216, 770.2341624980158, 60.4644113007079, 10.718998040627813, 262.5082998492769, 485.013818522816, 156.6268368416014, 63.785216935863254, 741.4775451492105, 758.1047407420067, 702.6878438244566, 516.2018242186828, 366.5259372742816, 16.56764843767622, 683.7879478334347, 0, 978.0813872643415], [365.06531358073255, 551.7120149204065, 394.1516598166818, 262.75279854039326, 970.7474239768824, 973.4867130748746, 380.42816302936643, 917.3207725744086, 905.3266891371578, 363.8359025326494, 356.2366098225698, 752.7275308533768, 921.5574355474865, 931.0161513798317, 358.20443511810254, 855.2764448096025, 377.10546996670604, 251.12692867889152, 920.4951844244536, 978.0813872643415, 0]], "itemavail": [115, 123, 105, 104, 114, 84, 87, 102, 80, 122, 119], "item2take": [15, 1, 12, 52, 8, 12, 8, 67, 8, 45, 14], "optimal_path": [0, 9, 12, 8, 15, 17, 19, 7, 1, 5, 4, 18, 0], "optimal_value": 530.8317315931602, "explanation": "EXPLANATION\n==============================\nPath of the packager: 0 -> 9 -> 12 -> 8 -> 15 -> 17 -> 19 -> 7 -> 1 -> 5 -> 4 -> 18 -> 0\nDistance of path: 4.612894937256917 + 6.462589352493331 + 87.24995418545866 + 66.8370436045208 + 82.17263288145827 + 16.56764843767622 + 10.718998040627813 + 101.01549431165292 + 80.05903750243293 + 19.83831703753236 + 4.200421968559187 + 51.096699333490704 = 530.8317315931602\n------------------------------\nThe packager need to take: \n\tItem 1 - Quantity: 1\n\tHe visits places containing the item: 9 (2) - 12 (10) - 8 (8) - 15 (10) - 17 (9) - 7 (7) - 1 (10) - 4 (8) - 18 (8)\n\tHe could take a quantity of up to 72, which satisfies request\n\tItem 2 - Quantity: 12\n\tHe visits places containing the item: 9 (8) - 12 (7) - 8 (10) - 15 (7) - 17 (6) - 19 (4) - 7 (4) - 1 (4) - 5 (8) - 4 (4)\n\tHe could take a quantity of up to 62, which satisfies request\n\tItem 3 - Quantity: 52\n\tHe visits places containing the item: 9 (2) - 12 (5) - 15 (9) - 19 (1) - 7 (9) - 1 (8) - 5 (7) - 4 (8) - 18 (6)\n\tHe could take a quantity of up to 55, which satisfies request\n\tItem 4 - Quantity: 8\n\tHe visits places containing the item: 12 (10) - 8 (10) - 15 (7) - 17 (7) - 19 (6) - 7 (8) - 5 (8) - 4 (8) - 18 (5)\n\tHe could take a quantity of up to 69, which satisfies request\n\tItem 5 - Quantity: 12\n\tHe visits places containing the item: 9 (2) - 12 (5) - 8 (9) - 15 (5) - 17 (4) - 19 (1) - 7 (2) - 1 (2) - 4 (8) - 18 (8)\n\tHe could take a quantity of up to 46, which satisfies request\n\tItem 6 - Quantity: 8\n\tHe visits places containing the item: 12 (10) - 8 (4) - 15 (6) - 17 (3) - 19 (4) - 1 (4) - 4 (8) - 18 (3)\n\tHe could take a quantity of up to 42, which satisfies request\n\tItem 7 - Quantity: 67\n\tHe visits places containing the item: 9 (10) - 12 (6) - 8 (9) - 15 (5) - 17 (6) - 19 (6) - 7 (9) - 1 (10) - 5 (8) - 18 (3)\n\tHe could take a quantity of up to 72, which satisfies request\n\tItem 8 - Quantity: 8\n\tHe visits places containing the item: 9 (5) - 12 (8) - 8 (9) - 15 (3) - 17 (2) - 19 (1) - 7 (2) - 1 (8) - 5 (2) - 4 (3) - 18 (10)\n\tHe could take a quantity of up to 53, which satisfies request\n\tItem 9 - Quantity: 45\n\tHe visits places containing the item: 9 (8) - 12 (4) - 15 (4) - 17 (3) - 19 (10) - 7 (3) - 1 (8) - 5 (3) - 18 (9)\n\tHe could take a quantity of up to 52, which satisfies request\n\tItem 10 - Quantity: 14\n\tHe visits places containing the item: 9 (2) - 12 (7) - 8 (7) - 15 (1) - 17 (1) - 19 (6) - 7 (4) - 1 (7) - 5 (2) - 4 (10) - 18 (8)\n\tHe could take a quantity of up to 55, which satisfies request\n------------------------------\nThus, the optimal value is 530.8317315931602", "CPLEX_solving_time": 0.08869791030883789}, {"n": 10, "m": 25, "itloc": [[2, 7, 1, 1, 0, 8, 10, 1, 10, 0, 4, 9, 5, 7, 3, 4, 1, 9, 10, 7, 6, 3, 4, 4, 1, 8], [8, 5, 6, 6, 7, 7, 1, 6, 7, 6, 7, 3, 7, 7, 0, 5, 0, 7, 3, 3, 9, 3, 4, 5, 9, 9], [2, 3, 9, 5, 1, 10, 5, 9, 8, 6, 3, 9, 4, 6, 9, 7, 6, 5, 5, 0, 4, 2, 8, 6, 4, 10], [9, 4, 8, 9, 9, 6, 2, 10, 8, 4, 4, 10, 2, 6, 10, 4, 5, 3, 7, 1, 5, 0, 5, 8, 5, 10], [3, 5, 8, 3, 9, 7, 0, 8, 8, 1, 1, 10, 5, 4, 9, 7, 9, 7, 5, 2, 10, 2, 8, 5, 1, 4], [6, 0, 2, 3, 8, 0, 3, 9, 2, 8, 4, 3, 1, 5, 10, 2, 0, 2, 1, 1, 0, 10, 6, 10, 8, 4], [5, 3, 6, 5, 9, 4, 2, 0, 4, 9, 10, 7, 2, 1, 6, 9, 0, 2, 3, 4, 2, 8, 2, 0, 0, 8], [7, 1, 6, 3, 1, 6, 10, 10, 7, 4, 5, 5, 1, 1, 0, 2, 1, 3, 10, 10, 0, 8, 2, 9, 10, 7], [6, 4, 10, 1, 3, 6, 3, 4, 0, 5, 5, 8, 3, 1, 1, 10, 0, 8, 3, 2, 6, 4, 4, 3, 4, 9], [4, 4, 4, 2, 4, 3, 2, 8, 6, 9, 9, 0, 7, 2, 1, 4, 5, 7, 6, 6, 2, 2, 10, 1, 9, 2], [1, 8, 2, 2, 9, 2, 8, 4, 2, 8, 6, 8, 4, 3, 6, 1, 7, 2, 7, 3, 10, 1, 7, 2, 2, 6]], "d": [[0, 323.7343337389712, 11.624856679523399, 998.7428566345567, 636.502874747078, 454.2214848094813, 173.68660205273966, 456.126104247608, 505.75803239151463, 605.3303407610193, 535.7730416370566, 815.1052514426472, 651.7471545760343, 589.2388183782465, 737.4335281825026, 83.41994312966273, 882.1406893031842, 966.2664484357156, 940.525461628287, 876.395538967764, 809.3364610304693, 589.2440286403825, 393.68300465297256, 816.488693708631, 650.1505826707959, 371.1456580121252], [323.7343337389712, 0, 625.7124538921213, 671.551801514324, 925.0031047717947, 350.0161938430544, 268.3686284802914, 967.4288117956271, 308.58503831477225, 903.5528998932949, 105.86425261986886, 792.2104778830491, 440.71682380354616, 905.0513109108928, 136.89175720806824, 166.08612135537427, 384.7636222748542, 980.9754413833681, 997.8117905105502, 201.0721116339702, 908.5380090172124, 621.6772857842064, 418.0579446550886, 791.7703368826959, 709.8984431018805, 307.99998104318473], [11.624856679523399, 625.7124538921213, 0, 909.8544488667776, 971.6232662890508, 731.7021236768975, 623.3648464078638, 97.863007819341, 935.0160567534172, 752.5246797820723, 349.73830975774433, 261.271023930951, 638.7491695968389, 865.0206609500483, 698.0771393392727, 576.4456966276452, 852.367021666536, 19.539380481205846, 363.1202380085411, 702.5241268654559, 607.5618021571598, 211.51564076468165, 184.71060598668353, 710.0455259154321, 784.9686631014928, 341.2662683320712], [998.7428566345567, 671.551801514324, 909.8544488667776, 0, 335.546408996651, 75.71063911791876, 778.697079117368, 389.38426968691965, 813.3713523348016, 810.8241844447623, 29.830565215560156, 409.53781907962303, 368.93392124174073, 159.15357709418709, 677.2874653364373, 575.8191583647266, 302.5265876838362, 810.0704230293352, 78.0767311320516, 561.3951471737776, 808.8184321690873, 498.75778647704385, 716.1847741098187, 129.82575491193037, 850.0337825763904, 236.15177508970098], [636.502874747078, 925.0031047717947, 971.6232662890508, 335.546408996651, 0, 587.2416854845634, 748.347804552532, 856.9882409177634, 110.4177862680823, 480.46048035734077, 95.59561463150956, 9.342692185664081, 597.5151003582051, 317.5048020248719, 38.308095871956716, 546.4611427394333, 78.59367177467924, 619.9600148812417, 535.0387896582465, 989.1143049265675, 316.536863894234, 618.202903284797, 706.9452821241753, 2.217914445787783, 683.5662917877953, 801.2268100381986], [454.2214848094813, 350.0161938430544, 731.7021236768975, 75.71063911791876, 587.2416854845634, 0, 483.5405646433011, 888.4267224035889, 879.984755465059, 368.0922781101985, 577.4781375240901, 821.2565539750091, 65.22105096508035, 723.2886474427813, 472.28853173427785, 482.8770558206321, 790.8329396551131, 993.8626474354515, 737.8950687673005, 865.9406085943208, 150.47534982662947, 253.59306109713341, 236.2719612691272, 918.3414587463307, 896.5146886488753, 455.1177330842623], [173.68660205273966, 268.3686284802914, 623.3648464078638, 778.697079117368, 748.347804552532, 483.5405646433011, 0, 28.77671781513613, 300.09023333739015, 627.6499189768543, 748.3888051345914, 455.1070288972373, 689.7163196350003, 735.8340301794319, 430.45759359455894, 863.7613766497116, 608.7206930950017, 372.7836973073253, 410.96595794393886, 848.1309370502246, 664.6353434363639, 901.4600306239379, 799.9292046970123, 969.0121629396426, 620.5834635752981, 458.3190631062619], [456.126104247608, 967.4288117956271, 97.863007819341, 389.38426968691965, 856.9882409177634, 888.4267224035889, 28.77671781513613, 0, 935.5312053628725, 260.60788394873833, 934.6191665212611, 767.9448900966449, 518.7957142890361, 283.2009264069201, 325.6688566694542, 574.3911165534115, 449.9600976998699, 64.19647124832895, 178.36270973205913, 219.2809929137104, 9.931071300863348, 188.14007105255558, 368.152329095868, 62.827996256662914, 646.6148868120313, 551.2392354708445], [505.75803239151463, 308.58503831477225, 935.0160567534172, 813.3713523348016, 110.4177862680823, 879.984755465059, 300.09023333739015, 935.5312053628725, 0, 63.84671021674204, 340.46648269799095, 737.3538977425563, 884.4156961404057, 850.5422183214217, 600.5220976665076, 256.6907574459426, 176.22489102003513, 647.2210001913568, 675.7216567489677, 72.67968843400119, 184.1578029264993, 417.56774442781284, 353.20157217452464, 421.5396888846633, 841.6693280449318, 753.2805137751293], [605.3303407610193, 903.5528998932949, 752.5246797820723, 810.8241844447623, 480.46048035734077, 368.0922781101985, 627.6499189768543, 260.60788394873833, 63.84671021674204, 0, 18.34522034868091, 586.2290154534184, 939.8071124694295, 129.0882710956789, 873.4923436311261, 901.930253105533, 451.00045991698266, 477.9218377356499, 922.6430636248297, 339.1764389475814, 433.2787586190475, 505.54893040536496, 621.234923848056, 33.64158980523768, 721.1413795197193, 671.9978136349254], [535.7730416370566, 105.86425261986886, 349.73830975774433, 29.830565215560156, 95.59561463150956, 577.4781375240901, 748.3888051345914, 934.6191665212611, 340.46648269799095, 18.34522034868091, 0, 513.891046975318, 348.50002178794017, 604.5448982408318, 291.911809606231, 886.644484289574, 749.4079365348441, 664.1110564640412, 420.41277953154275, 663.7557484842229, 903.8622595060444, 191.69000660444468, 461.5772233268346, 952.4043622588803, 81.9440268222883, 248.5174607673547], [815.1052514426472, 792.2104778830491, 261.271023930951, 409.53781907962303, 9.342692185664081, 821.2565539750091, 455.1070288972373, 767.9448900966449, 737.3538977425563, 586.2290154534184, 513.891046975318, 0, 665.4569944150232, 23.357506317387422, 674.6247980880693, 70.30383905391946, 480.16677673723206, 758.3854567303565, 875.5868579855926, 587.1687559640438, 866.6083077532568, 715.9455189541333, 494.21959058485885, 369.3376072853154, 103.5298038559841, 544.2231840215035], [651.7471545760343, 440.71682380354616, 638.7491695968389, 368.93392124174073, 597.5151003582051, 65.22105096508035, 689.7163196350003, 518.7957142890361, 884.4156961404057, 939.8071124694295, 348.50002178794017, 665.4569944150232, 0, 966.2791985067304, 327.47467088877835, 774.3539189988247, 696.2376067552703, 396.70116175691504, 177.32472473676685, 851.9606543034704, 914.7661858345177, 159.3646442593033, 204.10304620148167, 245.0393914912389, 874.3089167153042, 594.2551993212091], [589.2388183782465, 905.0513109108928, 865.0206609500483, 159.15357709418709, 317.5048020248719, 723.2886474427813, 735.8340301794319, 283.2009264069201, 850.5422183214217, 129.0882710956789, 604.5448982408318, 23.357506317387422, 966.2791985067304, 0, 466.03306557425304, 368.04106138312574, 540.7502242523316, 591.2757413035861, 960.9231828155164, 612.9458032793333, 839.9688944906535, 1.3626862399394035, 748.6474398672506, 490.16210067109336, 83.79756663953808, 825.6982512902688], [737.4335281825026, 136.89175720806824, 698.0771393392727, 677.2874653364373, 38.308095871956716, 472.28853173427785, 430.45759359455894, 325.6688566694542, 600.5220976665076, 873.4923436311261, 291.911809606231, 674.6247980880693, 327.47467088877835, 466.03306557425304, 0, 780.1432324490198, 943.893839054683, 715.9748942217334, 346.149258957519, 829.4284197375644, 482.6345598245926, 0.7170743443331018, 723.5226238789861, 747.2389974421568, 990.4700985637515, 359.9544559638816], [83.41994312966273, 166.08612135537427, 576.4456966276452, 575.8191583647266, 546.4611427394333, 482.8770558206321, 863.7613766497116, 574.3911165534115, 256.6907574459426, 901.930253105533, 886.644484289574, 70.30383905391946, 774.3539189988247, 368.04106138312574, 780.1432324490198, 0, 655.6395391201405, 974.5803532479989, 591.3415671059656, 557.3420256317808, 828.5726259190405, 995.4921698428111, 898.7439107079142, 530.6572583458204, 450.6059502030992, 8.487593117932013], [882.1406893031842, 384.7636222748542, 852.367021666536, 302.5265876838362, 78.59367177467924, 790.8329396551131, 608.7206930950017, 449.9600976998699, 176.22489102003513, 451.00045991698266, 749.4079365348441, 480.16677673723206, 696.2376067552703, 540.7502242523316, 943.893839054683, 655.6395391201405, 0, 972.231499227335, 38.11344518999071, 34.204261791669246, 444.6684499068035, 665.4700453326465, 468.43385221334233, 201.52176810700539, 814.114726836341, 218.48588642245147], [966.2664484357156, 980.9754413833681, 19.539380481205846, 810.0704230293352, 619.9600148812417, 993.8626474354515, 372.7836973073253, 64.19647124832895, 647.2210001913568, 477.9218377356499, 664.1110564640412, 758.3854567303565, 396.70116175691504, 591.2757413035861, 715.9748942217334, 974.5803532479989, 972.231499227335, 0, 846.1185060518425, 996.3375219150834, 554.8222255605189, 742.4998879744635, 704.6872573050124, 131.84353626489377, 752.137701857781, 162.47694919345224], [940.525461628287, 997.8117905105502, 363.1202380085411, 78.0767311320516, 535.0387896582465, 737.8950687673005, 410.96595794393886, 178.36270973205913, 675.7216567489677, 922.6430636248297, 420.41277953154275, 875.5868579855926, 177.32472473676685, 960.9231828155164, 346.149258957519, 591.3415671059656, 38.11344518999071, 846.1185060518425, 0, 9.819908826351753, 600.440404950639, 80.4191908366495, 833.7903134244576, 5.437986454853272, 716.1864264807853, 662.7192313042822], [876.395538967764, 201.0721116339702, 702.5241268654559, 561.3951471737776, 989.1143049265675, 865.9406085943208, 848.1309370502246, 219.2809929137104, 72.67968843400119, 339.1764389475814, 663.7557484842229, 587.1687559640438, 851.9606543034704, 612.9458032793333, 829.4284197375644, 557.3420256317808, 34.204261791669246, 996.3375219150834, 9.819908826351753, 0, 429.1709298119437, 705.8081566444755, 100.33295451026902, 322.9470601597314, 523.238802824567, 167.95720112538802], [809.3364610304693, 908.5380090172124, 607.5618021571598, 808.8184321690873, 316.536863894234, 150.47534982662947, 664.6353434363639, 9.931071300863348, 184.1578029264993, 433.2787586190475, 903.8622595060444, 866.6083077532568, 914.7661858345177, 839.9688944906535, 482.6345598245926, 828.5726259190405, 444.6684499068035, 554.8222255605189, 600.440404950639, 429.1709298119437, 0, 998.7388243191126, 522.5719498358552, 880.9896340386537, 524.2815764689155, 811.3136669304924], [589.2440286403825, 621.6772857842064, 211.51564076468165, 498.75778647704385, 618.202903284797, 253.59306109713341, 901.4600306239379, 188.14007105255558, 417.56774442781284, 505.54893040536496, 191.69000660444468, 715.9455189541333, 159.3646442593033, 1.3626862399394035, 0.7170743443331018, 995.4921698428111, 665.4700453326465, 742.4998879744635, 80.4191908366495, 705.8081566444755, 998.7388243191126, 0, 829.8292925761349, 979.1299824332447, 191.34140987127446, 534.8442182310553], [393.68300465297256, 418.0579446550886, 184.71060598668353, 716.1847741098187, 706.9452821241753, 236.2719612691272, 799.9292046970123, 368.152329095868, 353.20157217452464, 621.234923848056