20 30
0 3 9 4 3 5 6 0 4 3 4 8 10 5 2 10 10 9 1 7 8 7 7 2 0 7 6 5 0 5
10 6 7 10 0 5 3 10 8 5 10 9 6 6 4 0 1 4 5 10 8 6 1 1 2 6 0 3 0 0
7 7 0 4 8 5 10 10 7 3 4 2 7 2 4 1 7 0 6 9 2 3 5 0 3 0 1 0 0 3
4 0 9 1 3 4 3 4 10 6 5 7 6 5 9 10 9 7 2 4 2 1 9 1 2 7 5 6 10 4
5 4 10 7 1 0 1 3 5 3 0 3 4 7 8 2 1 8 2 6 6 5 7 2 0 0 5 10 0 8
8 4 7 0 1 1 10 6 9 9 0 4 9 1 1 2 7 0 2 9 0 10 10 1 5 2 10 7 5 0
9 3 4 5 8 0 1 1 9 7 9 7 3 5 6 5 2 6 9 1 5 9 4 6 0 3 6 7 10 6
4 6 1 6 2 1 10 1 6 8 10 5 4 7 2 7 5 6 2 10 4 8 0 0 7 4 8 6 2 8
1 1 1 8 1 7 9 3 10 4 9 6 7 7 3 1 4 8 10 8 9 2 9 10 8 3 4 5 4 7
9 6 6 1 0 9 7 4 10 10 1 6 0 6 8 5 0 3 9 5 4 7 5 1 0 8 9 0 1 9
10 0 5 7 1 10 6 5 9 6 5 2 5 3 3 10 2 6 6 9 5 10 1 7 4 2 3 9 1 10
3 1 5 3 9 0 0 9 10 8 10 5 1 0 2 5 6 0 6 8 10 3 5 3 8 4 7 6 4 4
1 2 10 4 1 8 2 3 10 3 10 2 8 1 9 6 0 9 6 8 6 9 6 0 4 1 8 3 2 3
4 6 6 9 2 9 10 6 6 7 6 7 2 0 1 10 5 5 8 10 0 7 5 5 4 9 8 2 9 7
2 2 0 1 4 8 7 2 7 6 3 9 1 1 5 5 6 0 6 8 5 9 0 3 1 2 3 5 1 0
9 4 6 5 3 6 3 2 7 7 1 7 8 0 9 8 5 10 2 9 6 7 3 8 9 0 3 6 9 4
1 3 5 5 6 0 9 10 3 7 5 3 6 10 7 7 7 10 4 3 1 1 8 9 3 6 2 4 1 1
2 3 6 3 10 6 10 9 9 1 7 7 10 7 4 7 6 10 4 9 0 5 8 5 5 4 2 4 1 6
3 6 2 8 8 5 8 2 1 9 9 9 3 5 0 5 1 8 9 8 9 4 0 5 3 10 2 2 5 3
6 8 0 2 9 6 2 1 4 7 3 8 4 9 3 0 2 10 0 0 5 4 7 9 9 5 1 8 10 7
0 312 853 385 467 733 532 75 664 741 611 976 400 263 261 645 552 565 311 220 849 758 711 212 389 765 341 66 811 441 910
312 0 421 339 400 910 321 679 34 445 351 757 697 703 84 419 734 145 663 850 226 460 997 841 713 330 194 387 742 3 586
853 421 0 948 486 286 642 533 692 95 439 98 447 464 83 867 436 353 180 526 81 933 847 64 358 554 653 76 558 486 426
385 339 948 0 907 164 727 412 412 982 99 605 140 579 252 555 455 491 473 11 986 171 359 913 20 477 354 246 729 312 917
467 400 486 907 0 572 138 675 526 717 910 73 489 654 437 59 530 445 795 869 455 206 687 417 709 119 170 42 830 889 514
733 910 286 164 572 0 243 698 671 547 787 528 716 689 676 415 798 271 669 224 306 671 614 930 51 851 392 921 840 688 464
532 321 642 727 138 243 0 834 154 48 472 634 506 237 34 816 260 279 635 540 749 121 840 126 72 323 75 152 616 684 148
75 679 533 412 675 698 834 0 462 474 879 722 438 43 22 151 863 855 324 439 126 482 100 289 11 548 811 253 30 975 906
664 34 692 412 526 671 154 462 0 884 686 318 882 87 301 514 293 909 83 907 687 680 105 428 551 736 582 376 305 430 690
741 445 95 982 717 547 48 474 884 0 880 611 811 242 274 865 454 889 149 74 191 793 923 883 474 544 625 734 254 51 353
611 351 439 99 910 787 472 879 686 880 0 645 486 123 676 568 436 30 357 811 556 912 276 382 597 720 651 54 806 148 688
976 757 98 605 73 528 634 722 318 611 645 0 789 706 874 114 775 701 383 758 904 103 130 273 728 936 775 969 570 682 658
400 697 447 140 489 716 506 438 882 811 486 789 0 465 845 303 569 180 32 290 984 467 159 968 556 894 845 524 127 916 894
263 703 464 579 654 689 237 43 87 242 123 706 465 0 938 61 724 465 761 720 723 970 195 459 443 786 163 331 433 965 885
261 84 83 252 437 676 34 22 301 274 676 874 845 938 0 831 991 490 261 86 725 150 862 425 19 563 774 495 18 262 923
645 419 867 555 59 415 816 151 514 865 568 114 303 61 831 0 727 752 747 424 360 307 746 629 809 155 507 606 781 614 166
552 734 436 455 530 798 260 863 293 454 436 775 569 724 991 727 0 265 809 559 850 396 780 504 413 734 162 518 174 185 369
565 145 353 491 445 271 279 855 909 889 30 701 180 465 490 752 265 0 924 831 585 972 161 611 899 882 262 410 323 875 905
311 663 180 473 795 669 635 324 83 149 357 383 32 761 261 747 809 924 0 456 158 685 225 22 479 713 608 935 864 425 906
220 850 526 11 869 224 540 439 907 74 811 758 290 720 86 424 559 831 456 0 416 542 952 69 142 164 517 498 628 707 323
849 226 81 986 455 306 749 126 687 191 556 904 984 723 725 360 850 585 158 416 0 697 312 442 119 726 380 786 42 139 556
758 460 933 171 206 671 121 482 680 793 912 103 467 970 150 307 396 972 685 542 697 0 630 383 475 662 341 252 384 156 810
711 997 847 359 687 614 840 100 105 923 276 130 159 195 862 746 780 161 225 952 312 630 0 737 462 515 663 280 444 202 856
212 841 64 913 417 930 126 289 428 883 382 273 968 459 425 629 504 611 22 69 442 383 737 0 137 543 350 201 608 165 111
389 713 358 20 709 51 72 11 551 474 597 728 556 443 19 809 413 899 479 142 119 475 462 137 0 270 955 707 779 30 558
765 330 554 477 119 851 323 548 736 544 720 936 894 786 563 155 734 882 713 164 726 662 515 543 270 0 913 381 233 245 856
341 194 653 354 170 392 75 811 582 625 651 775 845 163 774 507 162 262 608 517 380 341 663 350 955 913 0 440 543 892 901
66 387 76 246 42 921 152 253 376 734 54 969 524 331 495 606 518 410 935 498 786 252 280 201 707 381 440 0 970 828 327
811 742 558 729 830 840 616 30 305 254 806 570 127 433 18 781 174 323 864 628 42 384 444 608 779 233 543 970 0 97 798
441 3 486 312 889 688 684 975 430 51 148 682 916 965 262 614 185 875 425 707 139 156 202 165 30 245 892 828 97 0 82
910 586 426 917 514 464 148 906 690 353 688 658 894 885 923 166 369 905 906 323 556 810 856 111 558 856 901 327 798 82 0
110 132 30 22 12 71 25 119 58 45 55 60 86 122 74 127 9 57 21 66
0 27 4 11 21 6 14 28 20 2 23 18 12 22 17 10 13 8 1 29 9 19 3 24 7 0
1537