10 15
5 10 10 2 6 8 0 1 1 2 8 4 9 9 0
10 1 3 9 10 4 9 4 4 10 7 1 9 4 8
3 0 4 7 2 2 5 3 9 4 10 3 9 6 2
5 0 1 9 7 8 0 5 4 9 4 10 0 9 1
9 1 1 9 6 2 1 3 7 4 7 8 0 4 5
2 4 2 2 6 7 9 2 8 10 1 4 10 4 7
9 0 5 6 1 3 6 10 8 10 6 3 2 6 9
3 5 6 9 3 5 10 8 7 10 0 3 6 1 8
7 6 6 5 5 7 4 7 9 2 6 4 4 10 8
7 9 3 6 0 10 0 7 2 5 6 3 10 1 3
0 449 5 765 619 994 421 516 568 319 147 192 693 894 392 535
449 0 425 469 18 580 319 855 596 779 774 527 584 448 332 52
5 425 0 493 78 834 596 128 162 282 490 889 212 271 116 231
765 469 493 0 396 852 247 71 739 259 756 144 135 168 63 520
619 18 78 396 0 167 523 482 103 214 187 905 432 680 413 180
994 580 834 852 167 0 289 544 792 716 91 583 716 578 176 810
421 319 596 247 523 289 0 759 104 474 146 560 502 220 640 548
516 855 128 71 482 544 759 0 19 661 746 680 922 104 389 481
568 596 162 739 103 792 104 19 0 103 181 993 137 267 708 292
319 779 282 259 214 716 474 661 103 0 605 73 140 130 756 821
147 774 490 756 187 91 146 746 181 605 0 273 587 404 334 802
192 527 889 144 905 583 560 680 993 73 273 0 667 111 799 273
693 584 212 135 432 716 502 922 137 140 587 667 0 445 983 975
894 448 271 168 680 578 220 104 267 130 404 111 445 0 624 456
392 332 116 63 413 176 640 389 708 756 334 799 983 624 0 810
535 52 231 520 180 810 548 481 292 821 802 273 975 456 810 0
60 34 39 69 16 27 3 40 49 47
0 10 5 14 3 11 9 12 8 6 1 4 2 0
1495