50 100
3 9 5 5 8 3 7 7 8 10 5 4 10 3 7 3 4 9 4 0 5 7 2 6 2 3 8 10 10 2 4 7 8 5 0 5 10 0 5 0 8 8 7 3 1 0 3 9 3 1 0 1 0 6 6 0 4 3 9 2 7 3 2 6 3 1 2 8 3 10 1 1 8 4 4 8 6 6 7 10 5 9 2 8 7 0 0 2 8 8 0 9 10 6 3 10 6 9 8 0
4 8 6 2 4 6 10 0 9 10 8 5 4 4 1 10 8 5 10 9 5 2 4 10 8 2 3 9 3 5 3 3 2 1 2 7 4 10 7 10 4 9 3 3 9 9 8 5 4 0 10 7 10 1 7 2 10 2 5 7 1 10 8 9 7 0 4 1 10 2 7 5 9 8 3 5 9 9 10 9 2 4 1 1 0 7 9 4 6 1 4 7 7 0 5 5 2 10 2 5
10 0 0 9 3 2 7 5 8 2 6 10 6 6 7 10 2 9 4 2 8 4 9 8 3 0 1 3 10 8 4 1 0 1 8 2 2 9 2 1 2 10 3 7 8 8 0 1 2 8 6 3 3 5 0 10 6 3 6 8 3 7 1 9 7 5 3 8 6 5 0 1 8 3 5 2 9 9 5 2 9 7 8 1 5 2 5 10 0 1 2 1 0 4 6 1 8 3 4 4
7 3 9 1 8 5 0 2 5 2 4 5 3 5 9 4 8 0 2 10 5 5 0 6 8 8 2 6 1 8 3 8 10 10 0 2 4 7 5 10 3 1 7 9 3 3 9 10 10 3 7 5 3 3 7 4 7 4 0 0 0 7 5 8 3 7 1 7 4 2 7 4 9 8 2 8 0 0 5 0 1 3 0 6 6 1 5 10 5 8 6 0 2 4 0 6 5 9 10 9
5 0 8 9 1 1 7 1 2 9 3 8 6 5 2 5 3 5 4 3 4 0 1 4 5 10 6 5 8 10 5 10 1 1 9 1 2 4 6 9 10 5 6 5 8 1 0 8 2 0 10 1 5 10 1 0 7 4 2 8 10 7 5 8 6 8 6 5 2 6 8 3 4 8 3 9 5 0 6 7 8 6 3 3 3 4 2 0 1 2 4 1 6 0 9 6 4 3 3 2
1 5 9 4 4 0 2 3 10 1 9 3 4 6 1 8 1 6 5 6 6 6 10 8 10 2 10 7 4 1 0 5 10 0 3 7 2 5 1 1 0 3 1 5 0 0 0 3 7 2 0 8 1 5 4 1 8 8 6 10 9 0 8 1 8 9 7 1 3 10 1 5 5 6 9 9 6 1 6 9 10 7 4 6 9 4 0 0 2 0 7 3 10 2 0 0 0 8 1 0
0 1 0 9 3 8 5 5 7 7 7 6 5 0 8 6 9 9 8 6 9 7 0 6 6 2 3 10 7 10 9 0 5 10 9 5 7 5 2 6 4 1 5 0 4 3 10 2 1 7 6 9 1 9 10 0 0 1 6 2 5 8 6 4 7 1 4 4 0 2 9 7 1 3 9 0 10 8 0 10 8 5 6 4 1 9 6 6 4 3 2 5 1 5 8 2 4 8 2 10
0 10 6 2 1 2 5 3 8 10 5 2 0 0 10 1 2 1 4 0 0 5 0 6 9 2 5 0 4 6 6 10 3 7 4 9 0 3 8 7 10 3 7 1 4 6 2 5 1 5 4 0 3 7 5 10 5 3 8 4 3 9 10 7 7 8 8 0 6 1 4 10 5 3 9 1 6 9 5 1 6 9 1 6 5 2 4 5 2 6 0 0 2 1 7 7 6 2 7 9
0 7 4 4 4 5 7 3 2 8 1 5 4 9 0 2 9 3 10 1 5 4 3 6 8 8 7 1 5 0 3 5 5 7 4 3 6 8 4 0 6 2 2 7 10 3 5 9 7 8 1 8 4 10 10 9 7 9 10 2 4 1 2 1 9 5 8 6 4 3 2 3 9 7 3 0 9 3 1 4 9 6 2 0 2 2 3 4 4 8 2 3 8 2 8 3 5 8 1 4
7 1 2 9 1 5 6 6 8 7 9 3 3 9 9 5 4 3 10 0 0 2 8 2 2 6 9 6 4 1 2 8 6 6 7 4 8 4 7 5 6 2 1 8 9 1 3 9 6 7 1 5 7 3 2 1 10 8 8 0 6 0 9 4 10 1 10 3 0 10 10 1 10 8 3 5 2 1 0 10 9 3 1 9 5 4 2 0 0 6 8 9 10 5 2 3 5 3 7 9
5 10 9 0 10 10 3 10 8 1 10 8 9 4 7 2 10 7 3 3 10 9 6 9 6 8 3 0 0 7 2 2 7 2 9 2 9 5 4 8 6 6 2 1 4 9 7 10 0 1 6 7 5 5 9 0 8 7 9 1 9 2 9 4 4 2 7 2 5 4 3 8 10 5 7 3 0 7 1 4 7 10 6 4 2 4 0 9 9 4 8 3 5 9 8 9 9 2 0 2
3 10 7 8 3 2 8 1 6 4 1 8 9 6 4 4 10 8 3 10 2 5 9 5 5 1 10 2 1 3 9 9 10 7 4 2 3 4 1 7 5 2 10 4 7 4 4 7 4 10 10 7 6 9 8 6 4 4 2 5 4 7 8 2 8 7 1 5 10 3 0 0 9 8 2 10 7 8 0 1 2 10 10 10 3 5 8 5 3 0 3 5 8 3 1 5 0 5 9 3
6 6 3 6 5 2 5 10 0 7 2 0 6 8 2 1 6 7 5 6 7 10 0 9 9 0 2 5 0 6 3 4 7 9 10 3 7 6 1 10 0 6 9 5 9 5 10 4 5 3 9 1 3 10 7 8 9 5 2 5 5 7 2 4 8 10 3 2 9 7 3 6 3 10 8 5 8 0 1 10 0 6 2 10 9 1 10 2 5 10 8 3 4 10 0 6 8 6 0 7
4 9 3 9 5 0 8 10 1 7 2 8 0 2 6 3 8 6 5 7 8 4 0 2 2 9 4 6 5 2 3 3 1 5 5 9 10 2 1 0 1 9 7 10 1 0 1 2 3 0 6 0 4 5 0 3 4 10 6 3 5 2 4 6 6 0 10 9 0 2 7 2 2 8 8 0 0 3 7 0 6 0 0 4 8 2 4 0 10 1 10 4 1 6 3 1 5 0 0 1
10 5 5 2 8 4 1 3 10 3 6 7 7 3 1 6 2 2 3 8 1 3 6 8 10 7 10 8 6 10 9 9 0 10 2 6 5 0 5 2 9 6 10 6 6 2 5 10 5 8 3 2 10 1 1 5 8 9 5 9 3 1 7 4 9 3 5 3 2 2 10 6 9 3 7 2 10 9 0 6 3 5 4 1 0 9 3 8 10 5 9 5 9 9 3 2 8 5 4 6
4 3 7 5 10 7 4 7 2 2 9 9 4 5 8 9 1 3 1 10 5 3 9 8 5 2 9 1 10 9 8 1 2 0 1 6 4 4 10 6 3 7 5 3 8 8 9 2 5 2 9 4 1 0 5 1 4 3 3 4 0 0 7 7 5 7 6 6 4 8 7 1 2 6 5 7 3 1 2 3 7 1 5 2 8 1 10 3 4 2 6 8 4 6 9 10 6 4 3 3
2 2 5 4 10 3 1 0 0 10 3 0 6 7 0 4 6 7 3 2 5 0 6 5 5 1 4 5 4 2 8 3 10 9 0 4 8 2 10 1 1 2 9 9 0 1 4 6 2 10 2 0 10 1 7 4 9 3 6 7 9 5 4 0 10 9 4 5 4 2 1 1 4 6 3 6 5 9 1 2 8 4 0 9 0 3 7 0 5 1 4 8 5 0 6 3 5 2 4 6
8 6 6 2 9 0 10 7 9 10 2 10 3 0 3 9 7 9 5 7 7 10 7 0 5 0 4 0 1 5 7 4 7 6 4 0 10 6 3 4 8 9 8 0 2 7 4 10 2 7 7 6 3 5 9 6 0 8 6 1 8 1 5 5 3 9 8 5 2 4 6 4 4 3 2 6 3 2 0 4 2 6 1 5 2 2 6 6 7 2 0 2 6 0 3 7 9 10 7 8
9 4 0 8 3 8 10 2 3 5 9 8 6 7 0 7 7 8 3 1 3 4 9 9 0 5 10 3 3 2 7 0 6 9 6 7 2 1 6 10 0 7 0 4 3 6 7 6 10 6 9 9 3 5 4 2 6 3 4 1 4 6 3 9 0 6 0 9 3 2 4 10 7 9 2 7 9 7 6 2 9 0 1 2 8 1 2 7 9 5 0 7 9 6 1 4 4 4 2 0
5 9 4 5 0 0 4 4 0 0 3 1 2 3 5 1 10 9 2 7 10 7 0 10 7 6 6 8 9 9 3 7 1 8 1 9 6 4 3 5 10 4 4 7 1 9 6 10 0 5 8 2 6 4 3 5 9 9 8 7 3 6 0 7 5 3 9 1 4 5 4 4 0 1 2 10 1 4 9 0 5 6 9 0 10 1 8 7 2 3 6 9 0 8 5 6 0 5 4 8
4 9 0 2 8 4 4 2 2 8 3 1 8 3 6 8 0 7 4 1 8 7 8 10 6 2 0 2 8 2 3 8 0 10 3 4 0 6 1 8 6 9 4 1 3 2 7 0 10 5 4 2 10 0 8 8 3 4 8 10 8 3 5 7 0 1 10 1 8 0 2 4 5 2 7 0 3 4 2 8 8 2 6 3 5 0 7 1 9 6 6 6 0 5 10 8 8 9 3 4
4 10 8 9 0 0 8 9 1 4 1 9 4 3 5 0 9 10 8 6 3 7 0 0 10 1 8 8 1 6 3 3 10 8 6 10 3 10 4 2 0 4 8 2 6 0 0 9 8 7 7 3 3 7 6 0 5 4 4 6 4 4 9 0 0 3 5 4 0 3 8 9 9 1 8 10 9 9 0 5 7 1 8 5 2 7 6 10 8 7 0 1 4 2 1 10 1 7 6 7
4 7 10 6 9 7 2 8 10 0 5 3 9 4 1 6 9 1 5 1 6 5 1 10 0 4 4 1 10 8 8 0 4 0 0 10 0 5 5 8 1 9 6 1 5 0 6 1 0 8 5 6 6 3 4 7 0 6 5 5 5 10 1 0 5 2 8 7 7 5 2 5 7 1 8 1 5 8 3 5 10 2 9 10 0 7 5 4 9 4 5 7 4 8 6 3 4 10 2 1
8 5 8 1 5 9 5 5 4 2 2 10 2 5 9 5 8 3 10 8 1 8 9 7 4 7 0 0 8 0 9 10 10 10 7 4 7 2 7 8 0 10 1 3 8 0 8 7 8 2 10 5 6 9 8 3 6 5 4 5 9 8 6 9 4 4 2 1 9 8 7 0 0 9 3 9 9 6 7 10 0 9 3 10 8 8 8 0 10 9 2 6 6 7 3 9 7 8 2 0
9 1 2 8 6 10 6 3 4 3 0 4 10 10 9 10 5 0 1 3 7 3 10 4 4 5 3 6 4 5 1 2 7 2 7 5 8 9 5 8 8 2 0 2 8 2 6 8 7 9 10 6 3 9 10 2 0 2 8 0 6 3 9 7 3 2 9 6 4 2 3 7 7 6 4 6 2 3 2 5 8 7 2 5 10 1 9 5 0 1 0 5 1 1 5 8 10 9 4 0
9 2 9 3 7 9 7 8 0 8 8 9 6 3 9 3 2 10 9 10 3 6 10 6 2 9 3 6 1 3 10 10 10 8 6 8 8 8 7 6 8 5 8 6 7 2 5 2 10 6 0 0 4 10 0 9 7 10 4 10 4 5 10 3 1 5 4 4 4 6 7 0 0 8 5 9 7 10 0 9 4 10 6 7 3 0 2 8 7 4 2 0 1 3 6 10 2 5 3 9
4 4 3 3 4 4 1 3 4 5 1 5 5 2 2 6 4 9 5 2 5 4 3 5 1 1 4 7 4 7 1 0 10 9 6 10 6 9 0 7 4 3 1 10 3 8 3 7 0 7 7 7 5 10 9 9 5 3 6 10 1 6 3 10 8 3 2 4 0 5 0 0 6 8 4 6 8 1 6 0 4 0 2 8 0 2 8 6 2 9 7 4 4 2 8 8 9 10 7 6
9 7 3 5 2 3 1 0 10 4 2 1 10 4 3 3 3 3 7 1 8 3 6 8 1 0 6 5 4 6 8 0 3 0 6 5 2 0 4 7 0 4 8 5 2 4 6 6 4 2 9 2 2 1 2 3 3 9 3 6 8 10 1 9 10 1 0 9 2 7 1 7 2 2 5 1 3 7 3 6 9 10 4 4 2 1 6 1 5 7 2 9 2 10 4 9 3 5 3 4
9 0 1 10 9 8 0 7 1 10 0 1 7 7 5 5 2 8 0 7 2 5 7 4 2 1 8 3 0 10 3 10 4 8 4 7 7 4 10 9 9 1 6 6 1 6 9 6 4 6 1 1 6 1 9 2 2 5 7 0 8 2 4 5 6 6 5 1 5 10 10 6 4 10 8 4 9 9 8 5 9 5 2 1 10 3 5 6 4 4 1 3 0 8 4 8 10 7 10 10
9 5 1 0 2 4 7 9 3 6 3 9 10 4 3 0 6 1 4 8 1 10 4 8 9 7 2 5 0 4 9 7 10 9 1 10 1 2 8 7 7 4 7 4 3 2 10 0 8 2 5 4 6 2 5 9 5 8 7 1 4 6 4 2 9 8 2 3 2 4 0 9 1 3 6 4 4 7 0 7 4 10 8 6 4 1 5 10 8 1 1 1 4 2 3 10 6 2 0 6
0 0 6 10 10 9 3 7 10 1 6 4 6 9 7 7 10 6 6 8 4 5 8 1 6 3 1 7 3 10 0 1 4 0 9 5 1 0 9 10 5 8 0 6 7 7 1 3 10 8 10 7 0 6 3 2 5 3 1 0 7 5 3 1 0 3 1 1 7 1 1 8 7 2 0 5 2 8 7 10 4 3 0 3 7 8 2 7 3 1 0 10 6 6 10 0 1 4 10 9
0 9 10 10 10 0 9 7 10 5 10 9 8 3 7 1 4 5 10 10 10 0 9 4 5 1 7 1 0 9 0 2 9 5 1 9 5 6 7 9 10 6 2 8 8 3 0 8 2 5 6 6 6 6 3 9 6 9 3 6 3 4 8 1 1 4 1 0 4 6 9 0 2 2 6 7 10 4 2 1 0 8 1 5 9 3 0 4 8 5 6 4 4 1 8 9 1 5 4 10
1 7 8 4 9 4 0 2 3 1 5 3 2 0 8 7 5 10 0 8 1 5 3 0 0 4 10 0 7 3 2 2 1 4 7 2 0 10 3 2 6 4 3 2 7 10 5 4 7 1 1 8 0 2 2 6 1 0 4 9 0 0 5 4 7 3 4 7 1 5 8 2 7 6 2 3 0 7 6 6 9 2 1 8 2 0 0 6 1 4 3 10 3 9 0 9 4 10 9 5
0 5 5 9 6 3 0 5 0 6 6 9 8 4 8 9 4 6 10 2 2 2 6 4 2 10 6 9 9 1 9 7 7 3 6 6 8 3 3 6 5 4 2 9 5 3 6 0 8 8 10 2 9 1 10 9 7 1 5 10 3 4 5 5 0 10 3 5 2 9 7 4 1 8 0 8 1 9 6 3 1 10 4 3 5 6 9 6 7 3 3 10 9 10 0 10 9 9 0 7
10 4 4 7 1 9 9 9 5 5 6 2 4 8 10 7 1 4 4 10 7 7 10 8 7 6 2 10 9 0 4 9 1 3 6 3 4 7 8 0 0 9 2 10 9 6 4 10 7 9 9 7 8 7 5 4 10 6 0 0 6 8 6 10 6 4 8 5 2 4 0 10 5 9 3 1 8 5 3 1 8 1 5 3 3 7 0 6 5 8 8 2 8 2 10 6 5 9 5 2
8 8 0 0 8 6 4 1 0 3 1 0 4 0 2 4 3 3 1 2 5 4 5 9 2 7 2 2 0 2 3 4 9 10 6 0 10 5 8 8 5 3 4 6 4 10 6 10 9 4 10 6 9 4 9 1 10 8 6 5 4 7 5 6 4 0 5 7 10 1 4 7 0 3 2 9 7 2 7 6 8 7 3 0 8 0 5 8 2 4 4 4 4 0 6 3 8 10 0 9
9 2 1 3 3 6 9 7 8 9 10 4 3 7 2 9 1 10 3 9 3 0 5 1 6 1 9 4 10 3 6 5 0 4 2 9 8 2 7 4 3 10 4 3 1 0 1 8 4 4 10 9 7 1 1 2 3 3 10 3 4 4 4 1 1 7 9 8 10 1 5 3 7 1 4 5 4 3 4 7 8 1 0 9 4 7 5 10 5 9 5 10 8 4 7 4 9 9 3 0
9 8 4 5 9 3 0 6 7 9 2 8 7 5 5 6 7 1 2 3 2 8 1 9 6 9 7 3 1 4 9 8 10 8 5 0 3 0 2 10 7 4 4 9 9 6 8 1 8 0 7 5 2 7 10 10 7 3 9 0 2 2 5 9 0 6 6 4 9 10 4 0 6 9 9 5 4 6 0 1 2 8 2 0 5 2 3 10 10 8 3 1 10 1 2 9 4 1 5 5
5 2 1 2 3 9 4 5 10 4 6 8 3 0 7 2 7 8 10 1 5 6 0 1 10 3 7 1 6 1 10 8 7 5 0 10 2 2 2 5 0 4 0 0 5 7 6 0 2 0 7 8 0 6 9 10 5 4 7 1 2 2 5 1 8 6 5 8 4 7 5 1 9 3 1 7 2 1 9 9 10 0 7 4 2 6 9 0 4 6 1 2 2 2 9 3 7 5 1 0
6 1 8 1 9 7 7 8 5 4 2 1 0 2 3 5 0 0 8 9 3 5 0 9 7 4 0 2 6 7 9 9 0 0 9 10 4 6 1 10 5 3 2 2 5 8 9 9 0 8 3 6 4 8 7 2 1 1 6 9 4 8 9 3 3 0 0 2 10 2 2 8 1 0 3 0 2 5 0 5 7 5 6 0 4 7 5 0 0 9 10 9 1 2 2 7 4 0 2 6
4 4 0 3 7 0 10 8 4 1 1 10 1 7 0 8 4 4 6 10 8 1 4 4 2 7 1 4 0 10 5 5 4 7 5 7 9 2 0 4 9 0 3 10 3 6 9 10 6 4 8 6 10 9 4 3 9 9 10 10 10 0 9 4 9 7 4 5 10 9 4 6 3 2 7 5 5 4 6 4 5 0 8 3 3 5 7 8 3 2 2 2 10 4 6 7 7 10 2 2
10 0 0 1 5 1 3 4 6 2 7 0 4 4 8 1 9 9 10 0 0 0 6 9 6 1 10 1 8 0 3 9 0 6 10 0 0 4 2 4 5 2 5 2 5 2 1 2 2 9 1 0 1 4 6 4 8 0 10 1 1 10 3 8 5 7 3 7 10 1 1 10 2 2 5 7 9 2 3 10 7 7 3 6 9 3 2 9 4 5 6 3 5 7 4 6 3 7 5 3
4 8 4 2 3 1 2 6 0 0 2 3 8 4 6 0 1 9 9 4 10 2 0 3 9 3 1 10 0 5 10 3 6 6 5 1 7 4 2 8 4 8 5 1 5 6 8 7 4 6 3 8 6 0 4 0 3 6 0 0 8 0 10 9 4 8 0 9 5 8 4 8 4 2 2 6 2 4 3 8 2 1 9 3 9 2 9 9 9 3 4 7 2 5 2 5 5 10 6 3
4 7 8 3 0 0 2 0 6 2 4 8 1 7 8 10 9 5 3 9 8 9 3 1 4 7 9 9 7 10 5 4 2 7 5 7 10 0 9 7 10 9 2 9 2 2 6 3 6 9 2 10 1 9 10 9 4 3 6 8 7 4 10 7 6 9 1 2 7 9 2 8 9 3 1 0 6 6 0 9 2 2 2 4 9 9 8 1 5 2 7 4 6 4 9 2 3 9 10 7
9 2 1 9 6 4 6 7 2 7 7 1 2 9 9 2 9 2 4 9 7 2 8 8 2 6 7 3 6 2 0 2 8 2 1 1 9 8 2 4 1 3 3 6 7 10 0 0 9 9 1 3 0 5 1 4 0 10 0 5 10 3 0 3 2 4 9 8 1 5 4 8 10 6 6 6 2 6 9 9 2 4 4 4 10 6 6 0 6 4 1 9 6 5 5 5 4 6 3 7
10 7 0 3 8 7 2 1 7 3 6 10 8 9 3 2 7 9 9 6 7 4 7 0 4 1 6 8 10 2 2 7 7 8 10 3 7 1 10 6 10 1 1 9 10 5 10 1 6 2 0 5 9 8 3 3 5 1 8 8 1 6 10 5 2 6 1 0 7 8 5 4 5 4 6 3 7 8 3 6 8 0 2 8 5 8 3 2 4 7 7 8 8 1 0 2 4 0 5 4
1 9 0 6 10 6 5 3 10 3 3 10 9 5 4 2 10 0 10 9 7 2 2 9 0 7 2 6 7 7 2 10 8 3 6 7 2 5 4 8 8 7 7 7 4 4 4 9 5 9 2 8 0 4 7 4 9 8 2 7 7 10 0 1 1 7 9 2 3 0 7 1 3 4 5 0 0 6 10 9 9 0 5 8 5 2 1 7 4 7 6 0 8 2 10 3 1 5 1 0
2 1 10 10 0 9 9 1 0 6 9 9 3 4 3 5 3 3 7 6 9 3 6 6 10 10 8 9 10 3 5 10 4 1 2 2 7 1 3 3 4 5 5 3 1 7 1 8 9 8 2 0 10 3 6 10 8 1 7 0 2 5 9 4 3 4 6 1 3 8 5 10 0 1 8 4 9 4 9 2 1 7 7 10 4 3 9 4 7 6 1 3 8 8 1 5 1 0 8 10
9 0 0 6 8 1 10 1 0 9 10 3 4 6 0 5 8 0 1 7 1 7 7 7 7 2 8 1 5 4 1 3 0 9 5 8 8 7 9 1 9 3 6 5 9 7 9 7 1 0 1 4 10 2 6 5 9 8 4 4 0 7 0 6 2 1 1 5 3 7 3 3 7 6 0 10 4 7 6 0 4 1 4 4 4 9 6 9 2 0 10 4 8 1 6 5 1 3 3 8
4 3 1 5 0 7 2 2 1 2 0 6 5 2 8 9 2 6 1 8 3 10 8 8 9 2 8 1 2 9 5 10 4 6 8 7 3 0 6 8 9 8 6 1 3 5 5 6 5 7 5 0 1 1 8 3 9 6 0 7 10 10 3 5 8 9 2 8 3 5 3 8 3 10 3 7 3 5 0 6 0 4 8 9 6 6 8 10 3 7 6 1 3 9 2 9 8 1 6 9
0 610 950 496 308 577 974 939 737 933 817 436 790 738 320 213 908 355 341 468 291 598 129 854 798 543 403 671 375 943 90 704 893 894 796 548 122 469 512 835 402 464 970 215 342 728 468 618 741 343 70 357 236 847 252 932 138 192 963 693 890 282 44 45 634 866 949 919 999 982 588 613 100 252 585 798 667 449 334 894 790 434 244 822 587 753 433 640 107 947 864 273 228 425 88 827 525 989 481 972 531
610 0 196 633 129 183 152 966 941 844 54 105 748 646 156 353 280 218 223 790 160 300 311 458 666 986 779 357 157 903 120 421 108 158 9 361 730 656 885 427 625 943 857 455 65 82 822 232 614 850 886 41 165 479 339 150 566 92 351 912 410 451 845 407 463 391 838 436 455 593 889 997 397 691 245 242 701 438 584 1000 195 35 262 521 972 207 546 434 777 349 780 781 727 772 642 762 237 321 261 658 936
950 196 0 387 385 879 941 670 456 775 300 874 803 333 875 909 177 567 405 374 260 285 40 502 560 902 685 289 659 955 7 100 337 242 395 342 943 446 168 713 582 19 296 558 434 881 505 461 956 972 119 900 62 577 681 592 939 350 756 467 684 534 988 6 433 303 301 410 235 948 334 683 608 894 426 583 219 153 454 263 223 573 818 142 649 667 892 68 360 182 803 423 518 956 282 732 925 635 608 68 368
496 633 387 0 957 995 229 628 569 287 131 505 938 321 487 849 580 798 180 390 611 515 883 630 658 591 342 636 307 74 468 268 719 53 676 646 601 136 97 316 474 262 299 944 704 421 631 783 437 66 565 991 708 638 1000 100 628 835 81 415 979 336 451 327 372 93 181 422 929 257 964 19 352 515 168 627 152 699 441 283 204 570 392 86 65 302 886 983 951 118 634 617 375 733 111 642 856 724 152 573 678
308 129 385 957 0 784 876 289 431 567 213 585 364 850 503 259 30 474 494 502 208 24 448 320 877 99 475 930 748 160 45 886 907 489 774 656 472 477 34 997 563 358 494 774 552 693 804 683 887 754 77 707 647 657 448 507 196 884 753 702 877 666 709 99 599 916 421 420 258 109 358 834 688 513 317 195 913 354 315 155 115 428 976 493 377 953 928 243 733 475 846 352 484 994 143 959 744 160 289 543 872
577 183 879 995 784 0 133 639 674 159 88 400 919 324 707 255 360 88 14 864 58 680 348 720 123 605 433 676 192 603 388 579 911 787 333 952 426 377 361 153 824 913 632 766 980 71 872 191 209 456 635 53 977 605 677 561 210 523 749 622 672 497 484 762 425 743 721 670 434 412 673 551 123 885 954 774 477 445 553 566 366 813 610 628 535 986 623 363 345 240 297 620 430 806 494 963 29 264 105 752 452
974 152 941 229 876 133 0 380 199 383 750 863 20 777 253 892 507 321 847 845 161 313 741 671 292 757 900 734 807 457 865 523 660 869 647 166 68 813 379 971 1000 375 167 897 764 298 777 299 144 738 329 138 897 9 193 91 196 474 250 165 365 554 600 247 136 473 800 360 393 857 750 713 976 319 279 409 682 428 257 279 904 283 54 351 36 838 940 311 11 926 773 218 563 620 645 654 181 397 742 1 83
939 966 670 628 289 639 380 0 356 887 777 692 868 193 497 284 892 119 290 247 452 830 885 593 717 609 666 190 943 754 981 492 44 338 19 509 932 91 999 427 596 263 96 709 453 935 241 788 901 203 554 345 575 39 531 677 973 283 393 262 510 416 668 237 151 648 230 805 341 22 283 836 851 779 157 308 806 492 246 44 892 916 597 893 146 231 717 310 699 762 516 398 955 734 75 752 457 448 234 526 964
737 941 456 569 431 674 199 356 0 664 899 55 6 717 220 859 893 771 39 754 675 8 26 848 45 634 877 513 738 359 210 54 232 990 983 408 418 658 34 674 12 847 30 220 204 807 2 420 770 32 492 278 879 392 38 659 317 909 230 10 196 603 649 521 297 840 623 774 645 228 798 648 403 603 695 954 256 319 257 200 83 864 398 824 423 208 310 81 914 511 214 924 179 770 846 707 32 965 127 508 436
933 844 775 287 567 159 383 887 664 0 481 8 547 557 220 660 159 420 625 337 72 291 436 440 144 284 292 556 280 1 345 745 898 915 898 60 789 78 385 293 469 896 181 474 628 719 730 175 477 816 568 73 661 23 867 500 746 792 194 967 251 563 641 742 347 272 472 452 325 345 11 813 569 216 267 255 11 973 940 87 273 311 273 965 136 597 691 39 106 415 944 279 149 273 355 954 76 167 766 647 562
817 54 300 131 213 88 750 777 899 481 0 812 574 758 416 682 65 104 265 992 201 432 76 739 599 687 108 368 400 986 969 349 516 370 860 914 622 867 779 380 247 159 707 51 602 139 174 162 419 263 414 534 117 705 809 691 744 257 494 973 71 372 530 506 410 36 8 547 120 398 137 386 376 658 893 884 735 982 203 869 442 946 519 314 451 766 318 767 622 234 635 148 894 422 333 525 919 248 965 78 854
436 105 874 505 585 400 863 692 55 8 812 0 555 636 528 446 985 864 889 466 748 864 905 177 434 595 221 711 619 337 823 196 233 97 785 134 447 568 172 265 685 595 918 818 7 13 315 346 386 90 240 690 947 128 329 742 881 452 208 340 171 441 334 261 685 552 703 647 496 895 971 189 340 848 653 580 992 35 24 537 387 503 906 835 938 851 484 265 386 303 211 1000 229 968 951 377 242 580 824 167 64
790 748 803 938 364 919 20 868 6 547 574 555 0 332 204 347 742 310 817 893 962 33 16 785 617 647 613 473 440 320 861 694 783 357 642 649 526 126 242 368 129 791 123 640 942 239 32 273 557 98 298 543 237 838 445 331 436 616 319 844 609 249 260 184 875 301 804 644 182 672 196 587 523 506 722 655 261 847 94 302 931 426 455 741 671 646 941 982 614 492 58 365 317 925 499 70 362 494 834 977 850
738 646 333 321 850 324 777 193 717 557 758 636 332 0 184 265 103 735 812 990 166 482 667 510 145 193 40 819 743 985 432 735 840 739 984 635 338 213 736 107 813 98 371 467 579 380 802 474 400 996 383 39 67 836 297 991 540 241 247 364 488 67 350 760 703 815 508 935 315 95 809 733 149 59 338 495 163 898 667 417 493 250 354 446 32 29 306 461 893 913 948 354 653 201 5 743 173 171 10 586 192
320 156 875 487 503 707 253 497 220 220 416 528 204 184 0 155 843 675 203 17 974 371 977 499 580 774 371 410 411 438 356 151 596 179 192 214 174 650 950 237 824 591 164 856 580 93 947 679 422 368 563 744 58 868 69 504 445 523 14 221 782 622 860 965 141 751 655 244 814 19 900 12 253 897 497 902 390 221 459 734 400 914 333 814 367 196 614 233 514 894 281 594 991 496 112 257 984 509 981 86 208
213 353 909 849 259 255 892 284 859 660 682 446 347 265 155 0 651 461 598 696 881 870 808 297 60 746 860 408 936 822 12 780 335 375 476 835 328 430 492 845 990 66 521 197 708 522 925 787 437 427 313 79 719 279 337 309 91 203 627 493 357 962 300 293 166 74 74 426 450 824 367 784 90 966 935 126 406 693 376 466 470 159 975 142 92 573 279 1000 352 760 908 765 658 360 58 830 90 613 677 932 542
908 280 177 580 30 360 507 892 893 159 65 985 742 103 843 651 0 410 701 832 582 832 442 909 417 571 307 399 973 422 831 715 8 412 194 417 964 929 25 710 904 819 808 874 600 568 961 277 239 400 385 193 263 590 849 830 92 318 204 366 746 549 766 604 289 183 289 912 960 984 220 702 110 340 480 528 59 765 976 875 511 649 857 710 772 2 588 897 760 339 75 921 460 229 342 86 36 248 328 31 338
355 218 567 798 474 88 321 119 771 420 104 864 310 735 675 461 410 0 966 830 875 673 924 715 18 323 733 49 523 148 243 46 582 255 200 732 154 722 645 701 997 395 851 320 651 567 115 748 850 952 297 84 136 693 79 697 704 787 793 342 640 564 63 123 826 488 775 992 722 102 909 623 837 491 638 712 231 153 271 549 418 811 862 469 967 108 956 608 416 527 486 915 935 661 61 791 920 526 708 841 270
341 223 405 180 494 14 847 290 39 625 265 889 817 812 203 598 701 966 0 40 828 90 126 107 323 119 318 262 310 619 239 787 775 393 529 458 772 621 508 643 606 67 45 626 924 282 915 387 95 639 781 733 870 26 43 866 177 57 382 32 788 747 656 531 714 669 818 105 372 781 473 415 907 528 113 99 320 660 29 111 235 458 859 393 377 982 40 892 410 250 862 773 656 69 494 172 213 494 871 260 721
468 790 374 390 502 864 845 247 754 337 992 466 893 990 17 696 832 830 40 0 540 3 329 623 273 156 992 693 74 635 471 815 503 63 200 64 885 802 886 936 357 351 888 183 750 754 695 710 272 879 594 572 276 788 645 50 517 703 963 723 586 603 756 308 448 560 322 455 381 918 47 18 586 368 454 985 371 526 64 796 797 499 916 603 655 424 27 940 391 928 948 358 234 284 599 447 566 53 394 369 221
291 160 260 611 208 58 161 452 675 72 201 748 962 166 974 881 582 875 828 540 0 540 368 477 518 936 637 475 788 76 755 61 373 66 629 760 565 589 41 413 351 810 225 835 556 546 305 312 186 388 378 303 922 68 142 123 980 118 62 147 83 801 508 206 838 764 517 851 89 367 430 976 1 301 885 326 779 742 53 99 247 846 291 47 379 931 865 635 81 704 936 746 971 89 929 436 488 43 567 745 282
598 300 285 515 24 680 313 830 8 291 432 864 33 482 371 870 832 673 90 3 540 0 874 253 75 162 398 670 646 779 224 107 536 956 991 503 342 988 758 493 112 643 948 776 459 511 686 496 127 914 6 705 742 603 144 369 952 628 150 201 211 50 818 552 860 357 113 700 328 380 431 197 877 426 912 28 393 959 259 198 525 74 235 276 249 919 975 636 828 289 709 911 367 28 937 759 733 151 178 667 405
129 311 40 883 448 348 741 885 26 436 76 905 16 667 977 808 442 924 126 329 368 874 0 787 700 104 232 570 910 598 212 447 227 6 886 205 789 87 738 446 325 738 692 363 320 599 234 80 134 47 705 639 343 20 992 179 857 459 927 316 826 879 284 520 374 312 149 251 424 577 152 182 710 762 650 228 377 473 84 268 740 336 150 571 752 895 278 211 429 252 225 473 26 642 436 175 974 44 144 805 74
854 458 502 630 320 720 671 593 848 440 739 177 785 510 499 297 909 715 107 623 477 253 787 0 611 87 596 866 165 603 601 220 191 985 925 589 61 673 725 42 216 680 871 721 343 435 884 992 199 64 345 421 851 854 884 546 709 980 151 535 927 615 878 139 418 738 362 30 682 464 365 890 128 563 705 515 1 97 550 470 622 940 774 608 114 276 110 922 619 280 780 82 599 790 398 232 977 10 239 206 649
798 666 560 658 877 123 292 717 45 144 599 434 617 145 580 60 417 18 323 273 518 75 700 611 0 201 175 118 521 544 292 5 427 316 689 2 350 58 773 123 11 746 227 916 499 538 103 885 806 754 122 768 503 611 959 758 258 188 447 93 616 96 1 507 11 443 132 538 166 335 550 895 778 113 971 4 240 494 682 868 29 434 160 476 249 828 825 535 142 188 322 868 802 339 494 137 359 488 875 780 915
543 986 902 591 99 605 757 609 634 284 687 595 647 193 774 746 571 323 119 156 936 162 104 87 201 0 268 439 856 129 342 20 679 555 182 721 430 65 888 446 262 365 121 390 963 253 961 588 806 405 681 409 286 925 167 745 144 791 652 736 445 952 922 713 975 95 572 969 365 550 589 269 506 603 201 856 422 589 915 630 885 476 667 606 604 191 462 141 313 978 862 515 663 745 515 3 250 310 976 999 890
403 779 685 342 475 433 900 666 877 292 108 221 613 40 371 860 307 733 318 992 637 398 232 596 175 268 0 540 609 185 243 922 897 668 19 801 536 290 898 855 836 894 906 353 267 497 21 410 446 936 913 289 375 768 952 326 111 199 309 254 852 362 359 250 271 462 134 180 337 83 45 45 664 126 990 181 479 917 12 506 312 354 818 874 318 266 85 918 531 867 156 30 205 859 741 859 467 869 12 243 407
671 357 289 636 930 676 734 190 513 556 368 711 473 819 410 408 399 49 262 693 475 670 570 866 118 439 540 0 435 39 833 566 277 556 310 742 838 144 414 629 395 887 899 909 942 77 448 966 863 625 560 708 912 466 585 821 19 522 513 54 361 869 646 647 369 709 818 984 555 711 469 490 195 275 600 526 166 370 234 551 909 322 812 894 724 61 671 130 327 594 342 259 466 849 266 410 821 140 216 707 14
375 157 659 307 748 192 807 943 738 280 400 619 440 743 411 936 973 523 310 74 788 646 910 165 521 856 609 435 0 74 871 548 110 78 880 317 455 671 182 377 624 217 865 367 151 467 26 22 939 778 797 37 855 518 280 879 245 76 692 283 452 236 125 756 98 510 613 991 815 261 122 463 817 362 885 448 55 596 630 93 968 939 559 441 887 315 490 316 15 641 183 1 470 694 818 254 679 270 68 870 877
943 903 955 74 160 603 457 754 359 1 986 337 320 985 438 822 422 148 619 635 76 779 598 603 544 129 185 39 74 0 975 200 228 280 347 244 128 750 823 202 30 861 732 356 723 607 211 215 746 437 189 265 428 912 174 639 133 61 650 976 151 187 857 46 380 111 432 189 903 856 502 404 674 490 134 310 113 85 667 502 653 816 376 852 203 294 807 594 886 156 520 348 39 472 351 753 181 966 799 441 573
90 120 7 468 45 388 865 981 210 345 969 823 861 432 356 12 831 243 239 471 755 224 212 601 292 342 243 833 871 975 0 962 23 34 620 970 9 920 542 85 79 984 21 658 449 441 556 741 936 608 447 223 33 414 582 431 703 999 551 10 325 387 256 848 797 706 622 785 498 510 142 374 709 29 690 815 472 684 36 60 550 413 575 762 105 575 164 857 399 360 127 695 978 948 808 164 656 887 357 995 46
704 421 100 268 886 579 523 492 54 745 349 196 694 735 151 780 715 46 787 815 61 107 447 220 5 20 922 566 548 200 962 0 170 791 464 583 614 19 322 679 690 44 685 377 20 378 166 406 591 165 353 903 111 567 27 698 399 815 177 950 180 964 873 364 75 730 264 555 734 729 244 847 558 140 429 737 573 687 284 260 568 392 533 755 90 763 543 926 227 430 211 919 346 375 955 65 104 540 337 127 66
893 108 337 719 907 911 660 44 232 898 516 233 783 840 596 335 8 582 775 503 373 536 227 191 427 679 897 277 110 228 23 170 0 443 429 455 657 263 544 51 624 553 559 982 213 546 208 894 377 366 206 131 425 630 376 294 477 753 385 441 862 793 646 582 477 647 462 941 25 785 11 434 415 129 201 977 463 950 37 984 295 879 839 11 161 158 462 94 827 848 813 766 749 445 517 722 721 407 735 496 517
894 158 242 53 489 787 869 338 990 915 370 97 357 739 179 375 412 255 393 63 66 956 6 985 316 555 668 556 78 280 34 791 443 0 402 51 855 900 790 152 518 390 433 465 27 355 503 92 224 233 723 609 536 676 153 195 629 303 459 72 102 123 18 564 115 712 267 344 897 831 96 392 672 487 515 529 739 204 615 24 132 185 497 653 117 38 30 377 553 436 507 419 535 801 774 574 233 989 501 210 935
796 9 395 676 774 333 647 19 983 898 860 785 642 984 192 476 194 200 529 200 629 991 886 925 689 182 19 310 880 347 620 464 429 402 0 378 581 506 742 333 452 303 718 729 837 945 5 871 677 283 944 670 402 176 861 413 682 297 245 191 157 795 151 129 981 133 738 351 660 206 825 914 129 667 596 689 910 156 196 480 622 100 184 954 572 85 568 865 283 469 980 611 625 803 183 900 202 63 355 377 566
548 361 342 646 656 952 166 509 408 60 914 134 649 635 214 835 417 732 458 64 760 503 205 589 2 721 801 742 317 244 970 583 455 51 378 0 952 617 139 987 454 893 824 291 365 783 85 863 206 651 999 370 911 578 985 331 562 269 914 415 551 370 104 983 650 369 916 846 191 85 902 272 784 936 122 702 900 253 139 603 957 924 144 740 199 994 489 177 587 554 232 811 723 429 110 821 625 765 623 82 451
122 730 943 601 472 426 68 932 418 789 622 447 526 338 174 328 964 154 772 885 565 342 789 61 350 430 536 838 455 128 9 614 657 855 581 952 0 957 298 964 371 323 725 416 428 295 557 475 145 609 172 641 745 140 625 852 285 380 388 682 926 838 928 404 311 440 316 323 292 175 146 416 787 251 988 259 582 426 349 373 573 373 26 879 357 725 643 118 454 550 430 476 384 824 494 336 929 997 827 479 339
469 656 446 136 477 377 813 91 658 78 867 568 126 213 650 430 929 722 621 802 589 988 87 673 58 65 290 144 671 750 920 19 263 900 506 617 957 0 99 874 974 624 351 973 694 832 473 96 874 551 606 532 124 701 328 922 311 372 842 398 912 565 173 280 635 721 470 758 623 35 657 140 802 748 138 532 287 748 598 281 399 692 398 538 421 138 666 827 657 129 466 22 77 220 970 617 604 557 744 680 138
512 885 168 97 34 361 379 999 34 385 779 172 242 736 950 492 25 645 508 886 41 758 738 725 773 888 898 414 182 823 542 322 544 790 742 139 298 99 0 364 984 335 491 810 994 231 3 620 474 574 75 662 154 63 10 904 515 686 415 328 570 907 493 782 443 314 3 843 225 575 678 790 494 26 550 97 58 226 98 138 772 623 584 277 406 554 667 609 742 142 408 361 268 793 753 359 196 94 511 733 687
835 427 713 316 997 153 971 427 674 293 380 265 368 107 237 845 710 701 643 936 413 493 446 42 123 446 855 629 377 202 85 679 51 152 333 987 964 874 364 0 320 223 312 619 245 827 637 59 662 166 850 674 847 43 831 887 331 312 724 484 429 38 621 71 960 771 812 850 760 461 190 453 195 4 608 690 498 248 199 6 595 13 198 732 829 328 262 275 763 158 657 174 601 654 372 98 790 270 684 53 556
402 625 582 474 563 824 1000 596 12 469 247 685 129 813 824 990 904 997 606 357 351 112 325 216 11 262 836 395 624 30 79 690 624 518 452 454 371 974 984 320 0 790 271 412 526 925 648 739 771 116 75 310 205 622 363 763 509 734 913 531 331 926 971 55 969 721 102 274 201 558 909 193 721 66 462 994 671 528 627 61 669 962 933 724 419 837 891 743 488 749 149 299 437 705 532 212 68 739 338 307 784
464 943 19 262 358 913 375 263 847 896 159 595 791 98 591 66 819 395 67 351 810 643 738 680 746 365 894 887 217 861 984 44 553 390 303 893 323 624 335 223 790 0 912 789 930 117 18 677 220 190 724 474 924 322 749 442 370 768 942 199 478 709 783 519 406 875 496 370 26 222 455 510 610 254 220 355 607 561 383 403 169 756 728 740 769 437 744 588 754 346 510 133 276 547 666 116 914 810 635 805 679
970 857 296 299 494 632 167 96 30 181 707 918 123 371 164 521 808 851 45 888 225 948 692 871 227 121 906 899 865 732 21 685 559 433 718 824 725 351 491 312 271 912 0 44 84 781 221 529 139 383 707 787 757 862 625 425 454 765 348 563 435 936 727 367 609 904 14 11 356 615 303 549 131 455 783 553 77 296 33 232 194 3 764 697 134 390 51 133 85 645 604 208 64 5 668 92 349 345 896 87 583
215 455 558 944 774 766 897 709 220 474 51 818 640 467 856 197 874 320 626 183 835 776 363 721 916 390 353 909 367 356 658 377 982 465 729 291 416 973 810 619 412 789 44 0 423 484 483 566 104 389 779 913 283 226 426 356 43 706 628 802 866 919 641 55 788 877 240 968 951 286 979 234 745 763 134 512 820 10 425 592 406 455 800 101 535 983 663 345 528 825 677 662 514 175 862 665 152 36 612 415 899
342 65 434 704 552 980 764 453 204 628 602 7 942 579 580 708 600 651 924 750 556 459 320 343 499 963 267 942 151 723 449 20 213 27 837 365 428 694 994 245 526 930 84 423 0 227 484 157 526 737 496 766 45 710 576 262 365 870 959 466 129 989 74 206 473 192 392 766 275 488 439 778 218 932 120 97 148 243 902 732 916 475 765 506 316 641 53 436 406 138 419 726 731 507 490 618 429 325 366 572 79
728 82 881 421 693 71 298 935 807 719 139 13 239 380 93 522 568 567 282 754 546 511 599 435 538 253 497 77 467 607 441 378 546 355 945 783 295 832 231 827 925 117 781 484 227 0 998 870 68 764 338 815 134 734 166 543 77 954 387 334 140 593 930 951 28 900 498 340 738 355 591 824 222 928 88 77 503 117 864 128 13 839 661 346 469 65 787 780 546 32 271 383 526 902 324 806 641 118 91 536 856
468 822 505 631 804 872 777 241 2 730 174 315 32 802 947 925 961 115 915 695 305 686 234 884 103 961 21 448 26 211 556 166 208 503 5 85 557 473 3 637 648 18 221 483 484 998 0 839 608 343 907 899 697 751 534 375 50 412 520 891 149 700 96 399 444 835 157 796 256 505 814 240 609 101 22 84 699 207 824 745 457 561 803 220 68 95 538 288 281 809 745 865 983 796 79 542 8 962 170 110 139
618 232 461 783 683 191 299 788 420 175 162 346 273 474 679 787 277 748 387 710 312 496 80 992 885 588 410 966 22 215 741 406 894 92 871 863 475 96 620 59 739 677 529 566 157 870 839 0 124 737 296 858 882 367 666 212 873 937 174 248 308 933 292 628 597 50 808 947 416 350 931 379 736 617 951 773 693 114 612 801 403 191 979 637 792 292 344 139 429 292 129 980 237 909 810 153 105 667 894 299 812
741 614 956 437 887 209 144 901 770 477 419 386 557 400 422 437 239 850 95 272 186 127 134 199 806 806 446 863 939 746 936 591 377 224 677 206 145 874 474 662 771 220 139 104 526 68 608 124 0 993 120 903 682 135 944 200 673 744 229 398 669 680 901 455 107 781 40 886 716 36 959 1 784 120 314 712 135 1 728 477 225 357 834 321 49 137 323 862 931 219 593 386 671 699 414 449 682 902 39 332 958
343 850 972 66 754 456 738 203 32 816 263 90 98 996 368 427 400 952 639 879 388 914 47 64 754 405 936 625 778 437 608 165 366 233 283 651 609 551 574 166 116 190 383 389 737 764 343 737 993 0 414 883 369 777 543 604 442 764 265 983 650 218 677 877 918 605 10 461 363 580 931 69 18 730 639 862 105 705 248 273 817 211 455 901 655 112 565 949 130 505 237 634 176 17 93 429 741 651 46 175 613
70 886 119 565 77 635 329 554 492 568 414 240 298 383 563 313 385 297 781 594 378 6 705 345 122 681 913 560 797 189 447 353 206 723 944 999 172 606 75 850 75 724 707 779 496 338 907 296 120 414 0 265 637 326 87 375 474 900 141 831 530 229 424 895 269 6 51 608 378 940 688 330 670 709 53 208 248 272 603 855 995 347 89 937 997 136 577 749 245 875 248 251 66 812 300 949 248 476 200 324 623
357 41 900 991 707 53 138 345 278 73 534 690 543 39 744 79 193 84 733 572 303 705 639 421 768 409 289 708 37 265 223 903 131 609 670 370 641 532 662 674 310 474 787 913 766 815 899 858 903 883 265 0 674 50 348 354 662 765 722 271 604 417 34 894 151 697 98 639 590 514 751 816 653 229 589 402 885 539 992 539 170 483 714 714 171 852 833 817 42 359 313 517 764 313 230 85 452 538 643 604 693
236 165 62 708 647 977 897 575 879 661 117 947 237 67 58 719 263 136 870 276 922 742 343 851 503 286 375 912 855 428 33 111 425 536 402 911 745 124 154 847 205 924 757 283 45 134 697 882 682 369 637 674 0 729 80 693 846 609 763 548 318 163 215 215 627 22 737 742 774 590 146 855 990 285 855 250 190 912 609 380 945 681 848 766 314 704 161 794 681 282 240 509 846 207 90 305 737 92 309 253 609
847 479 577 638 657 605 9 39 392 23 705 128 838 836 868 279 590 693 26 788 68 603 20 854 611 925 768 466 518 912 414 567 630 676 176 578 140 701 63 43 622 322 862 226 710 734 751 367 135 777 326 50 729 0 934 517 710 516 277 941 116 935 61 800 59 10 516 12 420 864 7 692 155 405 624 412 817 98 820 638 427 821 705 78 99 438 760 53 421 497 254 347 490 676 302 468 974 597 159 192 593
252 339 681 1000 448 677 193 531 38 867 809 329 445 297 69 337 849 79 43 645 142 144 992 884 959 167 952 585 280 174 582 27 376 153 861 985 625 328 10 831 363 749 625 426 576 166 534 666 944 543 87 348 80 934 0 843 314 459 520 693 825 209 313 719 151 337 427 690 657 320 616 142 870 873 235 770 4 401 69 240 478 523 420 706 807 830 278 720 986 921 623 239 668 496 704 918 261 706 264 533 588
932 150 592 100 507 561 91 677 659 500 691 742 331 991 504 309 830 697 866 50 123 369 179 546 758 745 326 821 879 639 431 698 294 195 413 331 852 922 904 887 763 442 425 356 262 543 375 212 200 604 375 354 693 517 843 0 694 282 381 659 432 174 760 574 576 306 268 48 468 629 760 255 764 709 218 726 635 169 119 528 916 317 122 238 58 489 925 452 53 453 224 834 915 711 507 532 107 327 62 712 688
138 566 939 628 196 210 196 973 317 746 744 881 436 540 445 91 92 704 177 517 980 952 857 709 258 144 111 19 245 133 703 399 477 629 682 562 285 311 515 331 509 370 454 43 365 77 50 873 673 442 474 662 846 710 314 694 0 239 687 549 132 144 330 694 996 449 418 905 722 256 602 891 527 40 226 86 838 517 282 373 923 400 940 370 704 839 317 826 749 39 388 310 429 923 181 268 430 188 180 396 773
192 92 350 835 884 523 474 283 909 792 257 452 616 241 523 203 318 787 57 703 118 628 459 980 188 791 199 522 76 61 999 815 753 303 297 269 380 372 686 312 734 768 765 706 870 954 412 937 744 764 900 765 609 516 459 282 239 0 263 15 749 926 874 347 887 544 830 420 729 377 496 822 474 394 821 175 749 856 674 608 668 538 250 551 285 337 306 535 700 255 733 485 406 672 120 447 898 629 463 552 829
963 351 756 81 753 749 250 393 230 194 494 208 319 247 14 627 204 793 382 963 62 150 927 151 447 652 309 513 692 650 551 177 385 459 245 914 388 842 415 724 913 942 348 628 959 387 520 174 229 265 141 722 763 277 520 381 687 263 0 773 210 795 323 274 68 187 56 499 59 416 881 995 547 663 501 239 719 155 863 318 721 384 247 524 417 80 925 20 385 668 483 70 453 199 803 409 985 463 69 652 702
693 912 467 415 702 622 165 262 10 967 973 340 844 364 221 493 366 342 32 723 147 201 316 535 93 736 254 54 283 976 10 950 441 72 191 415 682 398 328 484 531 199 563 802 466 334 891 248 398 983 831 271 548 941 693 659 549 15 773 0 153 258 364 786 47 818 775 894 37 870 448 632 503 748 252 300 47 891 470 389 371 460 377 145 248 745 767 628 620 432 629 906 124 200 384 841 580 883 882 182 190
890 410 684 979 877 672 365 510 196 251 71 171 609 488 782 357 746 640 788 586 83 211 826 927 616 445 852 361 452 151 325 180 862 102 157 551 926 912 570 429 331 478 435 866 129 140 149 308 669 650 530 604 318 116 825 432 132 749 210 153 0 223 901 952 926 293 146 971 680 684 295 871 949 13 701 359 495 90 923 908 465 841 667 133 980 873 133 276 462 452 406 650 699 986 516 833 373 673 847 635 441
282 451 534 336 666 497 554 416 603 563 372 441 249 67 622 962 549 564 747 603 801 50 879 615 96 952 362 869 236 187 387 964 793 123 795 370 838 565 907 38 926 709 936 919 989 593 700 933 680 218 229 417 163 935 209 174 144 926 795 258 223 0 478 565 871 449 43 576 106 33 63 682 691 988 616 449 354 453 780 852 783 168 70 171 549 230 44 115 375 662 327 657 513 821 451 951 307 99 791 677 995
44 845 988 451 709 484 600 668 649 641 530 334 260 350 860 300 766 63 656 756 508 818 284 878 1 922 359 646 125 857 256 873 646 18 151 104 928 173 493 621 971 783 727 641 74 930 96 292 901 677 424 34 215 61 313 760 330 874 323 364 901 478 0 498 321 545 480 467 474 160 921 122 19 21 625 377 637 877 426 781 537 653 926 295 485 224 598 766 208 77 319 269 913 649 123 124 406 680 99 259 758
45 407 6 327 99 762 247 237 521 742 506 261 184 760 965 293 604 123 531 308 206 552 520 139 507 713 250 647 756 46 848 364 582 564 129 983 404 280 782 71 55 519 367 55 206 951 399 628 455 877 895 894 215 800 719 574 694 347 274 786 952 565 498 0 43 711 501 783 583 243 101 519 353 924 884 859 429 683 216 45 153 870 987 786 572 37 543 26 291 931 657 756 182 48 776 907 840 240 68 59 333
634 463 433 372 599 425 136 151 297 347 410 685 875 703 141 166 289 826 714 448 838 860 374 418 11 975 271 369 98 380 797 75 477 115 981 650 311 635 443 960 969 406 609 788 473 28 444 597 107 918 269 151 627 59 151 576 996 887 68 47 926 871 321 43 0 404 415 555 324 579 75 967 805 867 262 407 427 660 526 55 327 853 103 665 266 888 338 526 689 854 2 725 932 100 256 506 930 720 594 351 742
866 391 303 93 916 743 473 648 840 272 36 552 301 815 751 74 183 488 669 560 764 357 312 738 443 95 462 709 510 111 706 730 647 712 133 369 440 721 314 771 721 875 904 877 192 900 835 50 781 605 6 697 22 10 337 306 449 544 187 818 293 449 545 711 404 0 831 543 267 353 98 681 387 211 929 230 185 317 331 242 212 912 66 161 640 331 262 537 923 590 640 630 712 965 390 426 229 396 397 307 191
949 838 301 181 421 721 800 230 623 472 8 703 804 508 655 74 289 775 818 322 517 113 149 362 132 572 134 818 613 432 622 264 462 267 738 916 316 470 3 812 102 496 14 240 392 498 157 808 40 10 51 98 737 516 427 268 418 830 56 775 146 43 480 501 415 831 0 672 580 15 932 824 75 413 729 637 445 181 902 238 354 699 117 475 509 449 519 575 669 961 85 193 458 180 123 587 477 790 197 242 52
919 436 410 422 420 670 360 805 774 452 547 647 644 935 244 426 912 992 105 455 851 700 251 30 538 969 180 984 991 189 785 555 941 344 351 846 323 758 843 850 274 370 11 968 766 340 796 947 886 461 608 639 742 12 690 48 905 420 499 894 971 576 467 783 555 543 672 0 432 117 346 98 189 463 994 922 425 249 355 331 610 500 52 175 442 35 216 225 292 242 184 601 433 744 118 211 48 583 98 433 55
999 455 235 929 258 434 393 341 645 325 120 496 182 315 814 450 960 722 372 381 89 328 424 682 166 365 337 555 815 903 498 734 25 897 660 191 292 623 225 760 201 26 356 951 275 738 256 416 716 363 378 590 774 420 657 468 722 729 59 37 680 106 474 583 324 267 580 432 0 174 862 712 200 761 428 892 857 993 982 64 962 188 802 496 783 308 267 282 210 848 555 387 530 373 444 74 730 248 719 461 357
982 593 948 257 109 412 857 22 228 345 398 895 672 95 19 824 984 102 781 918 367 380 577 464 335 550 83 711 261 856 510 729 785 831 206 85 175 35 575 461 558 222 615 286 488 355 505 350 36 580 940 514 590 864 320 629 256 377 416 870 684 33 160 243 579 353 15 117 174 0 857 768 182 664 266 787 162 620 521 120 254 690 813 223 985 342 70 528 488 816 227 28 138 608 955 655 801 308 120 844 21
588 889 334 964 358 673 750 283 798 11 137 971 196 809 900 367 220 909 473 47 430 431 152 365 550 589 45 469 122 502 142 244 11 96 825 902 146 657 678 190 909 455 303 979 439 591 814 931 959 931 688 751 146 7 616 760 602 496 881 448 295 63 921 101 75 98 932 346 862 857 0 262 42 19 153 6 785 14 100 504 534 683 516 427 595 769 795 191 893 876 293 7 126 740 232 832 873 978 273 830 767
613 997 683 19 834 551 713 836 648 813 386 189 587 733 12 784 702 623 415 18 976 197 182 890 895 269 45 490 463 404 374 847 434 392 914 272 416 140 790 453 193 510 549 234 778 824 240 379 1 69 330 816 855 692 142 255 891 822 995 632 871 682 122 519 967 681 824 98 712 768 262 0 582 624 271 536 721 751 301 416 775 638 360 947 339 652 857 106 949 822 307 540 377 700 682 215 518 977 555 635 913
100 397 608 352 688 123 976 851 403 569 376 340 523 149 253 90 110 837 907 586 1 877 710 128 778 506 664 195 817 674 709 558 415 672 129 784 787 802 494 195 721 610 131 745 218 222 609 736 784 18 670 653 990 155 870 764 527 474 547 503 949 691 19 353 805 387 75 189 200 182 42 582 0 955 228 884 739 951 929 31 439 161 198 579 628 759 838 868 209 765 563 733 141 129 80 201 554 597 41 369 625
252 691 894 515 513 885 319 779 603 216 658 848 506 59 897 966 340 491 528 368 301 426 762 563 113 603 126 275 362 490 29 140 129 487 667 936 251 748 26 4 66 254 455 763 932 928 101 617 120 730 709 229 285 405 873 709 40 394 663 748 13 988 21 924 867 211 413 463 761 664 19 624 955 0 978 988 845 839 599 130 544 464 201 295 838 743 354 337 797 354 794 936 401 19 745 783 939 300 994 683 926
585 245 426 168 317 954 279 157 695 267 893 653 722 338 497 935 480 638 113 454 885 912 650 705 971 201 990 600 885 134 690 429 201 515 596 122 988 138 550 608 462 220 783 134 120 88 22 951 314 639 53 589 855 624 235 218 226 821 501 252 701 616 625 884 262 929 729 994 428 266 153 271 228 978 0 375 452 392 271 832 15 721 746 482 598 540 229 763 170 925 41 430 741 986 423 134 759 89 299 281 300
