15 20
0 6 10 5 2 5 8 7 10 6 6 1 9 9 4 0 5 0 8 2
1 1 7 6 3 3 8 9 0 6 3 1 5 6 10 6 5 3 8 0
3 6 2 9 8 10 5 8 4 9 3 1 2 8 2 3 2 1 7 3
0 5 1 6 3 9 1 2 2 2 6 8 2 7 9 8 7 7 0 5
3 0 2 2 4 4 0 5 9 9 3 8 10 2 1 5 9 5 9 6
3 2 3 4 1 1 9 2 6 3 0 9 6 7 6 6 10 9 5 5
2 6 5 2 3 7 8 1 10 3 4 7 0 9 1 6 2 0 8 2
6 9 7 2 5 0 10 7 0 7 7 7 2 6 1 1 5 7 6 2
0 8 2 0 7 5 5 1 2 3 9 9 7 9 3 6 4 0 3 2
8 10 6 6 7 4 9 5 1 2 8 10 2 0 2 6 0 0 6 7
2 4 2 0 10 10 4 5 9 4 10 6 3 8 9 5 9 0 6 2
4 3 6 5 3 4 10 2 0 8 7 9 9 2 2 6 7 5 10 4
5 10 8 7 7 10 5 4 5 1 8 0 4 2 3 1 1 5 7 4
3 2 6 3 6 9 4 8 0 8 8 1 0 10 5 4 3 4 2 1
9 7 4 10 7 8 10 7 4 5 7 5 2 7 7 3 9 4 6 0
0 428 80 430 666 779 954 683 68 297 384 678 8 458 222 98 543 503 220 456 431
428 0 562 968 175 596 572 866 629 408 975 678 511 339 885 192 997 88 81 294 999
80 562 0 613 483 74 369 203 146 597 392 985 417 586 764 704 612 242 58 157 231
430 968 613 0 273 132 329 834 153 397 906 149 372 552 727 765 32 893 280 639 25
666 175 483 273 0 236 227 77 595 137 59 167 384 903 549 305 760 531 691 699 539
779 596 74 132 236 0 595 297 172 615 859 987 477 467 823 214 513 788 1 821 179
954 572 369 329 227 595 0 522 397 45 142 873 993 657 872 488 468 17 700 7 661
683 866 203 834 77 297 522 0 762 375 430 709 154 236 176 273 556 110 399 43 495
68 629 146 153 595 172 397 762 0 277 532 605 51 69 208 553 594 559 756 166 477
297 408 597 397 137 615 45 375 277 0 683 14 197 261 153 49 114 555 142 48 325
384 975 392 906 59 859 142 430 532 683 0 380 988 348 383 447 62 291 279 30 47
678 678 985 149 167 987 873 709 605 14 380 0 523 674 471 674 480 908 161 404 907
8 511 417 372 384 477 993 154 51 197 988 523 0 998 819 709 42 311 354 332 158
458 339 586 552 903 467 657 236 69 261 348 674 998 0 1 355 339 934 972 571 994
222 885 764 727 549 823 872 176 208 153 383 471 819 1 0 388 555 35 902 242 975
98 192 704 765 305 214 488 273 553 49 447 674 709 355 388 0 742 244 646 749 325
543 997 612 32 760 513 468 556 594 114 62 480 42 339 555 742 0 806 684 395 799
503 88 242 893 531 788 17 110 559 555 291 908 311 934 35 244 806 0 407 250 83
220 81 58 280 691 1 700 399 756 142 279 161 354 972 902 646 684 407 0 417 12
456 294 157 639 699 821 7 43 166 48 30 404 332 571 242 749 395 250 417 0 9
431 999 231 25 539 179 661 495 477 325 47 907 158 994 975 325 799 83 12 9 0
15 72 18 33 54 28 54 66 54 32 57 10 68 25 73
0 2 18 20 3 16 10 4 7 19 6 17 14 13 8 12 0
636