10 10
3 1 2 5 0 2 7 9 10 3
7 4 2 0 9 7 8 0 3 10
10 0 9 5 8 9 4 4 4 9
9 7 10 4 2 8 0 5 0 6
9 8 6 6 5 9 1 1 0 9
3 2 2 7 10 8 1 9 1 6
0 2 7 10 5 10 3 1 0 4
8 7 3 1 3 2 0 7 6 1
1 9 3 0 10 1 6 3 1 8
7 2 10 1 2 4 8 3 4 6
0 954 977 873 684 295 680 57 447 977 644
954 0 744 604 123 698 830 739 858 820 645
977 744 0 256 293 38 771 151 687 132 726
873 604 256 0 903 711 403 440 681 58 152
684 123 293 903 0 576 862 634 48 77 397
295 698 38 711 576 0 33 290 151 270 53
680 830 771 403 862 33 0 931 870 334 75
57 739 151 440 634 290 931 0 341 314 276
447 858 687 681 48 151 870 341 0 133 99
977 820 132 58 77 270 334 314 133 0 859
644 645 726 152 397 53 75 276 99 859 0
23 33 3 5 17 34 30 22 7 16
0 5 6 10 8 4 9 2 7 0
967