10 5
6 3 9 7 1
4 5 0 0 0
5 6 7 9 8
3 1 2 7 10
5 10 1 3 7
7 4 1 6 4
5 0 10 6 2
4 7 10 1 2
0 6 7 10 10
9 10 8 6 0
0 875 545 292 893 685
875 0 879 557 232 515
545 879 0 186 276 330
292 557 186 0 793 62
893 232 276 793 0 968
685 515 330 62 968 0
12 1 2 13 10 1 5 1 1 14
0 2 5 3 0
1229