10 30
1 8 10 6 2 10 8 8 2 10 3 4 7 10 0 4 0 1 3 6 7 8 4 2 6 10 6 1 7 4
5 7 1 8 1 10 1 6 5 0 4 8 6 8 5 9 4 10 7 0 5 5 7 7 10 0 3 9 3 5
9 9 1 10 5 0 8 1 10 0 6 5 5 0 0 1 2 3 4 2 1 3 4 5 10 9 6 2 8 1
4 7 7 1 5 6 0 8 5 2 7 2 5 5 10 6 0 9 10 10 4 4 8 7 9 7 0 5 5 6
2 5 1 5 3 2 0 7 0 1 0 0 8 10 10 5 7 4 5 4 1 6 1 4 9 5 1 2 1 1
9 7 6 3 4 7 0 9 0 1 9 4 1 5 8 4 4 2 9 5 9 0 6 1 5 1 9 8 10 6
8 9 3 6 0 6 7 9 0 3 6 4 3 6 0 8 1 8 9 5 4 0 5 0 2 2 5 5 8 10
10 0 6 2 8 3 2 5 10 7 8 8 5 7 4 1 1 8 1 1 10 5 4 2 2 7 2 3 10 6
4 6 10 9 9 10 0 2 9 2 3 3 0 9 2 8 9 9 10 9 6 3 9 1 7 0 7 1 5 5
2 6 1 10 1 0 0 5 1 10 7 6 2 1 2 8 1 4 8 4 1 4 9 5 1 7 1 5 3 2
0 925 680 383 104 681 580 555 207 171 947 231 345 866 979 134 813 52 315 592 499 681 621 575 345 343 980 624 94 111 53
925 0 502 758 532 103 194 373 792 617 254 124 417 174 607 390 508 569 374 55 295 591 912 350 504 969 645 479 309 541 87
680 502 0 180 671 863 426 784 186 645 425 317 129 467 461 781 856 21 38 954 608 225 101 764 753 15 744 64 257 306 202
383 758 180 0 44 447 919 602 659 11 69 883 250 192 39 750 249 453 253 693 786 927 979 671 558 297 471 722 145 541 558
104 532 671 44 0 556 946 569 649 950 399 456 159 554 362 475 187 686 57 414 216 128 942 638 340 322 937 476 54 501 344
681 103 863 447 556 0 684 804 193 561 990 123 337 554 921 288 33 769 26 309 785 974 802 866 899 291 334 490 608 410 554
580 194 426 919 946 684 0 881 544 34 654 766 705 565 280 808 503 452 20 968 633 717 625 627 960 493 601 941 347 313 15
555 373 784 602 569 804 881 0 314 653 562 582 698 240 971 728 451 822 393 206 307 173 72 643 728 804 813 131 10 876 486
207 792 186 659 649 193 544 314 0 347 369 939 260 387 249 132 497 60 631 729 485 746 412 145 907 786 960 449 910 734 388
171 617 645 11 950 561 34 653 347 0 940 335 605 728 681 485 754 854 958 986 643 560 289 397 210 894 962 136 66 861 912
947 254 425 69 399 990 654 562 369 940 0 575 494 783 682 467 785 272 395 102 47 207 837 571 181 667 941 320 283 203 594
231 124 317 883 456 123 766 582 939 335 575 0 35 836 661 148 776 734 542 578 238 926 239 242 929 412 307 650 564 88 230
345 417 129 250 159 337 705 698 260 605 494 35 0 217 880 270 910 209 730 747 832 224 588 371 974 437 360 645 160 295 316
866 174 467 192 554 554 565 240 387 728 783 836 217 0 181 336 979 940 956 738 165 588 671 722 700 219 990 977 396 436 310
979 607 461 39 362 921 280 971 249 681 682 661 880 181 0 881 121 811 807 282 351 923 33 784 246 527 557 549 903 57 372
134 390 781 750 475 288 808 728 132 485 467 148 270 336 881 0 83 405 460 53 850 35 116 143 66 243 132 496 304 418 88
813 508 856 249 187 33 503 451 497 754 785 776 910 979 121 83 0 862 958 362 387 985 556 299 757 437 57 532 368 553 158
52 569 21 453 686 769 452 822 60 854 272 734 209 940 811 405 862 0 201 815 449 556 271 556 647 209 723 35 295 73 860
315 374 38 253 57 26 20 393 631 958 395 542 730 956 807 460 958 201 0 600 982 61 868 278 575 257 694 596 812 141 869
592 55 954 693 414 309 968 206 729 986 102 578 747 738 282 53 362 815 600 0 155 339 919 435 36 140 728 228 969 838 697
499 295 608 786 216 785 633 307 485 643 47 238 832 165 351 850 387 449 982 155 0 133 993 166 950 450 270 710 186 492 889
681 591 225 927 128 974 717 173 746 560 207 926 224 588 923 35 985 556 61 339 133 0 493 120 707 589 867 654 233 163 953
621 912 101 979 942 802 625 72 412 289 837 239 588 671 33 116 556 271 868 919 993 493 0 848 699 808 784 928 289 363 444
575 350 764 671 638 866 627 643 145 397 571 242 371 722 784 143 299 556 278 435 166 120 848 0 192 919 851 155 28 630 104
345 504 753 558 340 899 960 728 907 210 181 929 974 700 246 66 757 647 575 36 950 707 699 192 0 940 602 237 475 977 248
343 969 15 297 322 291 493 804 786 894 667 412 437 219 527 243 437 209 257 140 450 589 808 919 940 0 880 131 985 477 872
980 645 744 471 937 334 601 813 960 962 941 307 360 990 557 132 57 723 694 728 270 867 784 851 602 880 0 436 463 609 662
624 479 64 722 476 490 941 131 449 136 320 650 645 977 549 496 532 35 596 228 710 654 928 155 237 131 436 0 392 122 419
94 309 257 145 54 608 347 10 910 66 283 564 160 396 903 304 368 295 812 969 186 233 289 28 475 985 463 392 0 825 801
111 541 306 541 501 410 313 876 734 861 203 88 295 436 57 418 553 73 141 838 492 163 363 630 977 477 609 122 825 0 409
53 87 202 558 344 554 15 486 388 912 594 230 316 310 372 88 158 860 869 697 889 953 444 104 248 872 662 419 801 409 0
73 65 22 65 2 17 22 43 68 57
0 30 6 18 4 28 23 20 10 3 14 22 2 17 0
755