10 25
9 5 3 10 4 10 10 2 3 4 2 4 2 3 5 4 9 7 8 6 2 0 9 1 9
10 6 9 0 1 10 8 10 0 10 2 7 8 7 6 2 6 0 9 7 3 0 5 5 5
7 2 9 7 6 3 2 8 6 6 5 2 3 8 7 9 5 6 0 9 5 6 8 7 4
4 2 0 9 1 10 2 2 1 10 0 1 7 10 1 4 6 6 3 6 1 4 1 2 5
2 4 3 6 6 1 2 10 4 1 4 5 10 2 7 4 0 1 6 1 4 7 1 7 3
5 6 5 9 0 5 2 6 6 1 2 5 9 0 7 4 7 9 7 9 0 2 0 4 1
10 6 6 6 0 1 6 8 2 8 5 2 7 0 1 0 1 5 2 6 3 7 1 6 0
3 8 4 10 3 5 10 10 8 5 2 7 2 9 1 10 6 10 0 8 9 5 10 8 0
10 10 5 7 4 3 3 9 4 1 6 5 10 8 10 0 0 6 10 8 1 2 1 5 2
1 8 9 9 8 1 1 4 9 1 9 10 10 8 6 2 1 7 1 10 2 5 7 4 1
0 512 16 214 194 934 447 465 912 719 512 748 764 483 624 450 438 20 355 292 132 22 909 59 791 100
512 0 974 912 143 841 356 200 783 269 620 114 118 154 81 401 639 744 797 781 273 330 371 991 714 238
16 974 0 843 287 467 985 93 452 473 277 767 713 843 70 651 236 896 229 980 35 73 541 851 716 944
214 912 843 0 719 350 527 486 7 139 656 264 433 758 782 492 705 951 573 686 407 754 701 183 807 350
194 143 287 719 0 154 99 791 567 944 58 789 919 397 147 986 684 113 419 856 996 206 42 664 674 409
934 841 467 350 154 0 441 901 885 924 189 12 630 715 255 704 51 519 836 91 524 406 66 63 961 730
447 356 985 527 99 441 0 252 744 211 467 579 903 639 822 68 598 552 302 976 832 717 958 274 458 809
465 200 93 486 791 901 252 0 917 172 570 675 26 133 672 775 535 920 731 375 34 265 617 494 753 789
912 783 452 7 567 885 744 917 0 95 339 612 97 172 249 161 731 873 655 387 993 696 100 18 317 113
719 269 473 139 944 924 211 172 95 0 507 810 977 135 194 845 682 42 137 339 376 484 602 954 794 564
512 620 277 656 58 189 467 570 339 507 0 198 449 66 515 550 930 785 486 160 76 383 199 645 735 444
748 114 767 264 789 12 579 675 612 810 198 0 151 622 739 584 378 189 97 203 1 383 882 712 535 373
764 118 713 433 919 630 903 26 97 977 449 151 0 73 37 96 730 948 998 452 741 468 405 671 511 310
483 154 843 758 397 715 639 133 172 135 66 622 73 0 337 647 849 78 191 260 239 796 598 880 797 342
624 81 70 782 147 255 822 672 249 194 515 739 37 337 0 438 242 440 731 406 700 89 825 476 581 517
450 401 651 492 986 704 68 775 161 845 550 584 96 647 438 0 684 438 907 224 263 362 697 290 617 381
438 639 236 705 684 51 598 535 731 682 930 378 730 849 242 684 0 669 472 72 691 964 200 937 960 130
20 744 896 951 113 519 552 920 873 42 785 189 948 78 440 438 669 0 906 82 161 464 299 287 971 497
355 797 229 573 419 836 302 731 655 137 486 97 998 191 731 907 472 906 0 743 549 301 676 477 46 466
292 781 980 686 856 91 976 375 387 339 160 203 452 260 406 224 72 82 743 0 621 13 886 514 863 771
132 273 35 407 996 524 832 34 993 376 76 1 741 239 700 263 691 161 549 621 0 350 701 968 722 418
22 330 73 754 206 406 717 265 696 484 383 383 468 796 89 362 964 464 301 13 350 0 678 471 985 576
909 371 541 701 42 66 958 617 100 602 199 882 405 598 825 697 200 299 676 886 701 678 0 30 659 605
59 991 851 183 664 63 274 494 18 954 645 712 671 880 476 290 937 287 477 514 968 471 30 0 446 979
791 714 716 807 674 961 458 753 317 794 735 535 511 797 581 617 960 971 46 863 722 985 659 446 0 983
100 238 944 350 409 730 809 789 113 564 444 373 310 342 517 381 130 497 466 771 418 576 605 979 983 0
32 18 17 35 15 61 5 62 44 62
0 2 20 7 12 13 10 4 22 23 8 9 17 0
555