10 20
7 4 7 4 6 7 8 5 3 5 8 6 4 9 5 10 1 4 10 2
2 2 8 9 4 10 0 7 9 10 9 7 6 10 1 5 9 10 3 2
8 3 1 6 10 10 9 7 7 1 8 8 4 6 1 3 8 9 9 2
8 6 5 8 2 0 9 8 4 0 2 2 10 0 8 6 6 10 7 5
9 5 3 2 5 1 10 9 9 9 6 3 4 9 3 4 5 0 7 10
4 4 6 8 2 8 5 0 6 8 3 6 8 7 2 1 1 9 7 3
2 10 7 6 10 3 4 3 6 8 10 4 4 3 8 6 5 6 0 3
1 6 4 4 3 8 4 8 10 8 6 6 6 10 3 10 2 5 10 8
1 8 8 2 9 8 6 7 9 9 6 2 7 5 0 0 6 7 7 3
2 10 6 1 4 2 7 9 10 7 4 10 3 6 6 7 10 7 8 0
0 762 802 655 38 229 145 878 597 770 352 278 990 141 182 550 252 141 710 626 600
762 0 522 907 542 79 240 560 856 213 668 802 71 854 62 981 874 276 702 85 340
802 522 0 927 475 116 703 572 912 487 642 114 733 793 300 473 327 413 565 864 47
655 907 927 0 120 180 60 224 228 34 898 120 74 257 736 525 594 276 48 105 351
38 542 475 120 0 171 46 165 874 231 909 869 11 374 849 306 786 1000 83 717 911
229 79 116 180 171 0 560 958 342 640 144 712 654 365 771 258 669 991 670 180 568
145 240 703 60 46 560 0 408 317 628 802 111 546 981 426 160 145 781 983 900 575
878 560 572 224 165 958 408 0 172 325 845 68 300 934 151 707 942 939 506 779 60
597 856 912 228 874 342 317 172 0 644 507 814 574 805 89 843 3 535 26 593 801
770 213 487 34 231 640 628 325 644 0 500 979 806 576 282 2 241 875 734 711 337
352 668 642 898 909 144 802 845 507 500 0 294 669 180 721 95 401 313 788 977 336
278 802 114 120 869 712 111 68 814 979 294 0 210 362 800 201 747 596 587 422 593
990 71 733 74 11 654 546 300 574 806 669 210 0 613 727 929 119 852 987 320 491
141 854 793 257 374 365 981 934 805 576 180 362 613 0 200 874 885 681 109 618 406
182 62 300 736 849 771 426 151 89 282 721 800 727 200 0 437 919 20 444 382 267
550 981 473 525 306 258 160 707 843 2 95 201 929 874 437 0 638 321 808 578 725
252 874 327 594 786 669 145 942 3 241 401 747 119 885 919 638 0 299 728 920 427
141 276 413 276 1000 991 781 939 535 875 313 596 852 681 20 321 299 0 661 323 890
710 702 565 48 83 670 983 506 26 734 788 587 987 109 444 808 728 661 0 511 653
626 85 864 105 717 180 900 779 593 711 977 422 320 618 382 578 920 323 511 0 782
600 340 47 351 911 568 575 60 801 337 336 593 491 406 267 725 427 890 653 782 0
33 9 31 55 50 49 47 33 55 40
0 17 14 1 12 16 8 18 3 9 15 6 4 0
770