10 15
2 7 8 8 4 5 8 8 9 8 5 0 1 9 10
2 1 10 3 0 4 8 3 3 3 8 0 2 8 3
3 4 9 6 2 7 8 9 5 9 10 2 6 4 0
10 8 5 5 7 5 1 2 5 0 9 8 5 5 4
8 6 5 3 6 7 2 8 6 9 6 9 3 2 9
8 6 2 5 4 6 2 1 4 4 10 3 8 3 9
9 0 1 9 7 4 6 5 2 8 3 0 5 5 9
1 2 7 6 0 5 8 6 2 9 6 0 10 5 9
2 7 3 9 3 5 1 6 10 1 4 10 7 10 7
7 4 10 10 0 7 10 6 9 2 5 6 10 5 1
0 221 806 622 572 974 745 280 235 265 780 189 9 733 606 774
221 0 869 630 658 499 99 223 168 557 258 77 73 721 887 186
806 869 0 850 890 218 506 763 626 727 701 551 436 394 238 570
622 630 850 0 116 873 240 127 369 133 949 802 712 4 588 848
572 658 890 116 0 584 175 717 697 26 369 416 304 96 658 756
974 499 218 873 584 0 603 699 157 711 508 266 557 392 42 305
745 99 506 240 175 603 0 764 814 20 293 143 729 264 816 327
280 223 763 127 717 699 764 0 284 740 520 104 185 921 637 380
235 168 626 369 697 157 814 284 0 994 767 321 703 29 852 914
265 557 727 133 26 711 20 740 994 0 979 404 540 241 902 104
780 258 701 949 369 508 293 520 767 979 0 262 401 51 714 838
189 77 551 802 416 266 143 104 321 404 262 0 117 688 411 338
9 73 436 712 304 557 729 185 703 540 401 117 0 838 945 602
733 721 394 4 96 392 264 921 29 241 51 688 838 0 529 930
606 887 238 588 658 42 816 637 852 902 714 411 945 529 0 218
774 186 570 848 756 305 327 380 914 104 838 338 602 930 218 0
44 29 50 9 56 17 9 0 15 45
0 11 10 13 3 4 9 6 1 12 0
849